v 0.064885996 2.7169099 0.457331
v 0.31319201 2.6689601 0.389723
v 0.064885996 2.8481901 0.401342
v 0.33564699 2.8218999 0.32806599
v 0.064885996 3.14924 0.36945999
v 0.39531499 3.14714 0.26291499
v -0.205874 2.8218999 0.32806599
v -0.265542 3.14714 0.26291499
v -0.479348 3.03633 0.13066299
v 0.473544 2.62499 0.29594499
v 0.60912198 3.03633 0.13066299
v 0.53596002 2.69981 0.21348201
v -0.183419 2.6689601 0.389723
v -0.34377 2.62499 0.29594499
v -0.40618601 2.69981 0.21348201
v -0.19660001 2.7586801 0.35467601
v -0.13559499 2.79458 0.36730099
v -0.197474 2.7774501 0.35229099
v -0.14862999 2.8057401 0.36271
v -0.241762 2.7867 0.32459301
v -0.25153801 2.77087 0.32235101
v -0.27888501 2.82688 0.30053899
v -0.26192799 2.8303001 0.30830401
v -0.25129899 2.87639 0.30973899
v -0.26192799 2.8303001 0.30830401
v -0.241762 2.7867 0.32459301
v -0.205117 2.92309 0.322725
v -0.26391101 2.88852 0.302001
v -0.203978 2.90394 0.32515401
v -0.25129899 2.87639 0.30973899
v -0.15358099 2.89241 0.34446201
v -0.141958 2.9054301 0.34574601
v -0.120384 2.85361 0.36223799
v -0.138124 2.8505299 0.356911
v -0.197474 2.7774501 0.35229099
v -0.203978 2.90394 0.32515401
v -0.14862999 2.8057401 0.36271
v -0.15358099 2.89241 0.34446201
v -0.138124 2.8505299 0.356911
v 0.27840301 2.8057401 0.36271
v 0.265369 2.79458 0.36730099
v 0.32724801 2.7774501 0.35229099
v 0.32637399 2.7586801 0.35467601
v 0.37153599 2.7867 0.32459301
v 0.38131201 2.77087 0.32235101
v 0.40865901 2.82688 0.30053899
v 0.39170101 2.8303001 0.30830401
v 0.37153599 2.7867 0.32459301
v 0.39170101 2.8303001 0.30830401
v 0.38107201 2.87639 0.30973899
v 0.38107201 2.87639 0.30973899
v 0.393684 2.88852 0.302001
v 0.33375201 2.90394 0.32515401
v 0.33489099 2.92309 0.322725
v 0.28335401 2.89241 0.34446201
v 0.27173099 2.9054301 0.34574601
v 0.250157 2.85361 0.36223799
v 0.26789701 2.8505299 0.356911
v 0.32724801 2.7774501 0.35229099
v 0.33375201 2.90394 0.32515401
v 0.27840301 2.8057401 0.36271
v 0.28335401 2.89241 0.34446201
v 0.26789701 2.8505299 0.356911
v -0.106134 3.0523801 0.34773001
v -0.111204 3.0618501 0.345283
v -0.41166601 2.9352801 0.221325
v -0.41616601 2.94539 0.217546
v 0.54593903 2.94539 0.217546
v 0.240977 3.0618501 0.345283
v 0.541439 2.9352801 0.221325
v 0.235908 3.0523801 0.34773001
v -0.34215099 2.61572 0.30735701
v -0.32175899 2.6161101 0.32916099
v -0.26547101 2.7135999 0.32836601
v -0.25171801 2.7021699 0.34516799
v -0.25908601 2.5926099 0.386664
v -0.25088501 2.63481 0.367576
v -0.27574399 2.5810399 0.376708
v -0.262683 2.65081 0.35355499
v -0.228202 2.58166 0.40794599
v -0.215069 2.56089 0.41628799
v -0.28860801 2.5094299 0.365973
v -0.29509801 2.48739 0.351459
v -0.1561 2.5141599 0.435323
v -0.13672601 2.48892 0.42982101
v -0.132873 2.5873899 0.44779199
v -0.15387601 2.5801899 0.438501
v -0.156994 2.65431 0.417487
v -0.137392 2.67646 0.417178
v -0.19857299 2.59917 0.41626099
v -0.21652099 2.6047299 0.409053
v 0.24805699 2.67067 0.42654401
v 0.27375701 2.66254 0.42220199
v 0.337284 2.72875 0.35858899
v 0.354992 2.7117701 0.358448
v 0.35613599 2.6489401 0.37885299
v 0.335751 2.6691899 0.377538
v 0.35763699 2.58759 0.404223
v 0.33893901 2.56703 0.41893199
v 0.25803101 2.52704 0.44315001
v 0.34750599 2.4867101 0.38815099
v 0.281867 2.5438001 0.43442199
v 0.36193499 2.50757 0.389341
v 0.39721099 2.5594299 0.38846099
v 0.38524699 2.5843599 0.391727
v 0.43650401 2.5139501 0.35264
v 0.44839999 2.4950299 0.34014601
v 0.44188499 2.6340499 0.32898
v 0.45346999 2.64975 0.31023401
v 0.417054 2.5894301 0.36707601
v 0.39774799 2.6024699 0.378111
v -0.26172599 2.3750601 -0.145105
v 0.064885996 2.28004 -0.31410199
v -0.061848 2.3089299 -0.097696997
v 0.064885996 2.2878699 -0.164621
v 0.41323 2.3813601 0.079841003
v 0.181437 2.3134501 0.014332
v 0.19162101 2.3089299 -0.097696997
v 0.53593498 2.69981 0.21348201
v 0.54562902 2.59916 0.095422
v 0.60913301 3.03631 0.130667
v 0.69676298 2.9412799 -0.14618701
v -0.28345701 2.3813601 0.079841003
v -0.051663 2.3134501 0.014332
v 0.3915 2.3750601 -0.145105
v 0.064885996 2.28004 -0.31410199
v 0.064885996 2.2878699 -0.164621
v 0.50679702 2.48403 -0.101163
v 0.50489098 2.48667 0.109578
v 0.62961102 2.73615 -0.233758
v -0.461036 2.72773 -0.41401201
v -0.49422801 2.73716 -0.30219501
v -0.49422801 2.73716 -0.30219501
v -0.59160697 2.6050999 -0.34800199
v -0.582811 2.7532201 -0.323181
v 0.62400103 2.73716 -0.30219501
v 0.59080899 2.72773 -0.41401201
v 0.72138 2.6050999 -0.34800199
v 0.62961102 2.73615 -0.233758
v 0.60409498 2.4625199 -0.214001
v 0.62400103 2.73716 -0.30219501
v 0.71258497 2.7532201 -0.323181
v 0.62961102 2.73615 -0.233758
v 0.71258497 2.7532201 -0.323181
v 0.50679702 2.48403 -0.101163
v 0.50679702 2.48403 -0.101163
v -0.56699002 2.9412799 -0.14618701
v -0.415856 2.59916 0.095422
v -0.479359 3.03631 0.130667
v -0.40616101 2.69981 0.21348201
v -0.582811 2.7532201 -0.323181
v -0.49983701 2.73615 -0.233758
v -0.47432101 2.4625199 -0.214001
v -0.49983701 2.73615 -0.233758
v -0.49983701 2.73615 -0.233758
v -0.37702399 2.48403 -0.101163
v -0.49422801 2.73716 -0.30219501
v -0.37511799 2.48667 0.109578
v -0.37702399 2.48403 -0.101163
v -0.37702399 2.48403 -0.101163
v 0.61430699 3.24965 0.040766001
v 0.064885996 3.4315701 0.24334601
v -0.48453301 3.24965 0.040766001
v 0.064885996 3.14922 0.369443
v 0.178517 2.65518 0.46133199
v 0.192058 2.50052 0.43147001
v 0.161158 2.6459999 0.44668299
v -0.052655999 2.4106801 0.37991801
v -0.031458002 2.6460099 0.446693
v -0.062284 2.50052 0.43147001
v -0.32875499 2.52247 0.32792601
v -0.181539 2.52597 0.415333
v 0.064885996 2.6684999 0.475079
v -0.048742998 2.65518 0.46133199
v 0.064885996 2.3006699 0.109151
v -0.177472 2.3869801 0.26833799
v -0.051681001 2.3134401 0.014359
v -0.28345701 2.3813601 0.079841003
v 0.182356 2.4106801 0.37991801
v 0.064885996 2.40008 0.39804399
v 0.196629 2.4033699 0.38140801
v -0.066854998 2.4033699 0.38140801
v 0.064885996 2.36023 0.35185701
v 0.458529 2.52247 0.32792601
v 0.41323 2.3813601 0.079841003
v 0.50491399 2.48666 0.109579
v 0.307246 2.3869801 0.26833799
v 0.181455 2.3134401 0.014359
v 0.31131199 2.52597 0.415333
v 0.54563999 2.59918 0.09544
v -0.41586599 2.59918 0.09544
v -0.37514099 2.48666 0.109579
v 0.161158 2.6459999 0.44668299
v -0.031458002 2.6460099 0.446693
v 0.182356 2.4106801 0.37991801
v -0.052655999 2.4106801 0.37991801
v -0.79000998 2.42102 0.429818
v -0.84594899 2.4489 0.403346
v -0.79907298 2.41154 0.416448
v -0.74519598 2.50563 0.42659399
v -0.75620502 2.5014601 0.40934101
v -0.75034797 2.4889901 0.43573099
v -0.67787099 2.3524699 0.298365
v -0.752487 2.49316 0.328657
v -0.644894 2.3830099 0.318634
v -0.77876502 2.4827001 0.356969
v -0.8136 2.52719 0.36064801
v -0.81501198 2.5030799 0.371719
v -0.80313599 2.38309 0.380869
v -0.80943501 2.3755801 0.39453799
v -0.82733798 2.39819 0.38459501
v -0.84468001 2.3905301 0.392418
v -0.79929 2.3824201 0.40573499
v -0.846259 2.4100201 0.39852399
v -0.79801202 2.3958001 0.39357099
v -0.83415997 2.4170699 0.39095399
v -0.84678 2.53354 0.41345999
v -0.84145802 2.51472 0.41386801
v -0.78680903 2.4367001 0.41727301
v -0.79195601 2.42205 0.405799
v -0.80313599 2.38309 0.380869
v -0.82733798 2.39819 0.38459501
v -0.79801202 2.3958001 0.39357099
v -0.83415997 2.4170699 0.39095399
v -0.78411901 2.45576 0.431925
v -0.798136 2.44927 0.4368
v -0.80735499 2.4717 0.40289199
v -0.82677698 2.4631901 0.40248701
v -0.69894302 2.4626801 0.422703
v -0.675367 2.3331599 0.371537
v -0.643466 2.37077 0.364427
v -0.68564802 2.4876299 0.40131399
v -0.826626 2.51774 0.42666101
v -0.827806 2.5360799 0.41964301
v -0.79582798 2.5336001 0.38000599
v -0.73377299 2.49596 0.35810801
v -0.38213399 2.1944001 0.083173998
v -0.38213399 2.1944001 0.083173998
v -0.70526499 2.3201499 0.30453399
v -0.79748398 2.46141 0.452739
v -0.798136 2.44927 0.4368
v -0.82677698 2.4631901 0.40248701
v -0.83499199 2.48787 0.40563199
v -0.80374497 2.4498999 0.35372299
v -0.82104403 2.4370799 0.396209
v -0.82619101 2.4574499 0.39974201
v -0.755162 2.4860101 0.419148
v -0.84145802 2.51472 0.41386801
v -0.79734898 2.50899 0.39117801
v -0.81501198 2.5030799 0.371719
v -0.77876502 2.4827001 0.356969
v -0.744317 2.4725499 0.38385999
v -0.81170499 2.3727601 0.37819201
v -0.83082497 2.41945 0.38172299
v -0.78233701 2.4663701 0.32326001
v -0.73377299 2.49596 0.35810801
v -0.79582798 2.5336001 0.38000599
v -0.70762902 2.48406 0.37601501
v -0.82365 2.39589 0.327815
v -0.70546699 2.30633 0.349565
v -0.81170499 2.3727601 0.37819201
v -0.823219 2.3673401 0.34857699
v -0.70546699 2.30633 0.349565
v -0.80746698 2.4335001 0.32443199
v -0.83129001 2.4215 0.34485301
v -0.718409 2.4642601 0.39601001
v -0.755162 2.4860101 0.419148
v -0.81048101 2.4920399 0.40511101
v -0.82619101 2.4574499 0.39974201
v -0.80374497 2.4498999 0.35372299
v -0.78352398 2.4725599 0.43943101
v -0.81048101 2.4920399 0.40511101
v -0.79907298 2.41154 0.416448
v -0.78680903 2.4367001 0.41727301
v -0.78352398 2.4725599 0.43943101
v -0.77170002 2.44366 0.37724999
v -0.718409 2.4642601 0.39601001
v -0.827806 2.5360799 0.41964301
v -0.79721397 2.41187 0.37536699
v -0.83082497 2.41945 0.38172299
v -0.70762902 2.48406 0.37601501
v -0.71064299 2.3566301 0.34822401
v -0.69155401 2.3479199 0.366128
v -0.729496 2.3373201 0.356159
v -1.0568 3.43943 1.02824
v -1.12436 3.4112999 1.05853
v -0.995996 3.41646 1.05729
v -0.96060503 2.9502201 0.74030799
v -1.01885 2.94169 0.69040298
v -0.709189 2.32389 0.37749299
v -0.729496 2.3373201 0.356159
v -1.12436 3.4112999 1.05853
v -1.08701 3.2022901 0.88260102
v -1.05409 3.38695 1.0911601
v -1.02522 3.1780901 0.91301399
v -0.995996 3.41646 1.05729
v -0.98804998 3.2862899 0.94839001
v -1.0568 3.43943 1.02824
v -1.02777 3.2272899 0.85401899
v -0.91858798 2.96872 0.70341903
v -0.96301699 2.98892 0.67853498
v -0.71064299 2.3566301 0.34822401
v -0.69155401 2.3479199 0.366128
v -1.17274 3.22401 0.952048
v -1.14283 3.2646501 0.93701202
v -1.20242 3.2286999 0.90959603
v -1.17274 3.22401 0.952048
v -1.20242 3.2286999 0.90959603
v -1.14283 3.2646501 0.93701202
v -1.17519 3.2713699 0.895271
v -1.08701 3.2022901 0.88260102
v -0.91858798 2.96872 0.70341903
v -0.94652098 3.3912799 1.03416
v -0.94652098 3.3912799 1.03416
v -0.98804998 3.2862899 0.94839001
v -0.995996 3.41646 1.05729
v -0.69155401 2.3479199 0.366128
v -1.12436 3.4112999 1.05853
v -1.14283 3.2646501 0.93701202
v -1.17519 3.2713699 0.895271
v -1.05409 3.38695 1.0911601
v -0.709189 2.32389 0.37749299
v 0.83583599 1.37565 0.148571
v 0.84255099 1.39061 0.154085
v 0.83956897 1.38802 0.17017099
v 0.78695703 1.32101 0.182668
v 0.79733801 1.31582 0.168382
v 0.80456299 1.32528 0.18935899
v 0.807715 1.32923 0.171821
v 0.75437599 1.43731 0.182015
v 0.73920298 1.40886 0.17142899
v 0.78695703 1.32101 0.182668
v 0.827371 1.37783 0.164024
v 0.83583599 1.37565 0.148571
v 0.79190999 1.4432 0.128464
v 0.77678001 1.4562401 0.153236
v 0.564767 1.36597 0.190732
v 0.55727297 1.36972 0.17596801
v 0.56310499 1.35697 0.162508
v 0.569929 1.35517 0.177407
v 0.58506399 1.37116 0.14984301
v 0.569929 1.35517 0.177407
v 0.60168898 1.3666101 0.169857
v 0.62326801 1.41843 0.128896
v 0.78913403 1.31291 0.222579
v 0.773476 1.3065701 0.213035
v 0.78268999 1.30257 0.200326
v 0.79054302 1.31604 0.203677
v 0.73920298 1.40886 0.17142899
v 0.74433202 1.4124399 0.13846999
v 0.772385 1.42606 0.115621
v 0.69390398 1.56049 0.10158
v 0.76879901 1.42451 0.148353
v 0.772385 1.42606 0.115621
v 0.807715 1.32923 0.171821
v 0.76879901 1.42451 0.148353
v 0.827371 1.37783 0.164024
v 0.79054302 1.31604 0.203677
v 0.71418101 1.3958 0.160612
v 0.73171097 1.3178 0.25751299
v 0.744012 1.30694 0.24378499
v 0.74627501 1.32626 0.26372299
v 0.75155598 1.32593 0.247449
v 0.585976 1.41837 0.165776
v 0.599944 1.39283 0.18927801
v 0.60067701 1.51965 0.145785
v 0.60168898 1.3666101 0.169857
v 0.72401601 1.42347 0.206503
v 0.65773201 1.55538 0.154438
v 0.688752 1.41149 0.222341
v 0.47309601 1.83558 0.026477
v 0.64326298 1.4085 0.19207799
v 0.73171097 1.3178 0.25751299
v 0.64326298 1.4085 0.19207799
v 0.70794898 1.39197 0.192627
v 0.68188697 1.37853 0.177471
v 0.773476 1.3065701 0.213035
v 0.47309601 1.83558 0.026477
v 0.63950598 1.5247101 0.087650999
v 0.69390398 1.56049 0.10158
v 0.70794898 1.39197 0.192627
v 0.75155598 1.32593 0.247449
v 0.40609601 2.5422499 -0.87966102
v 0.38327599 2.2690599 -0.59637702
v 0.064885996 2.55619 -0.84914201
v 0.064885996 2.23702 -0.49280199
v 0.33976001 2.2061501 -0.39614299
v -0.27632201 2.5422499 -0.87966102
v -0.25350201 2.2690599 -0.59637702
v -0.48578599 2.4867699 -0.65464902
v 0.064885996 2.55619 -0.84914201
v 0.064885996 2.23702 -0.49280199
v 0.64197397 2.40659 -0.328502
v 0.61555898 2.4867699 -0.65464902
v -0.209987 2.2061501 -0.39614299
v 0.28878301 3.0106299 -1.08718
v 0.064885996 2.9621201 -1.03427
v -0.594657 2.8922901 -0.7823
v 0.064885996 2.25227 -0.17422301
v -0.126386 2.2467799 -0.222009
v 0.25615999 2.2467799 -0.222009
v 0.064885996 2.25227 -0.17422301
v 0.50777799 2.2939301 -0.30050001
v 0.48958701 2.0492599 -0.221403
v 0.39558399 2.2952399 -0.193615
v 0.46170199 2.3847499 -0.091094002
v -0.331929 2.3847499 -0.091094002
v -0.5122 2.40659 -0.328502
v -0.49983701 2.73615 -0.233758
v -0.265811 2.2952399 -0.193615
v -0.35981399 2.0492599 -0.221403
v -0.37800401 2.2939301 -0.30050001
v -0.61698699 2.58512 -0.50845599
v -0.15900999 3.0106299 -1.08718
v -0.38573799 3.1732199 -1.0059
v 0.064885996 2.9621201 -1.03427
v -0.088261999 3.5472 -0.89142501
v -0.32849699 3.5276301 -0.81445199
v -0.125025 3.70066 -0.48539001
v 0.72443002 2.8922901 -0.7823
v 0.74676001 2.58512 -0.50845599
v 0.83738601 3.0557401 -0.55778903
v 0.51551098 3.1732199 -1.0059
v 0.218036 3.5472 -0.89142501
v 0.458271 3.5276301 -0.81445199
v 0.254798 3.70066 -0.48539001
v 0.064994998 3.52141 -0.85648298
v 0.064994998 3.52141 -0.85648298
v 0.064885996 3.67711 -0.35177499
v 0.064885996 3.67711 -0.35177499
v 0.468808 3.6241 -0.156772
v 0.064885996 3.64098 0.087476
v 0.62961102 2.73615 -0.233758
v 0.711523 3.00438 -0.043536
v 0.590343 2.6693201 -0.039724998
v 0.77344698 3.34443 -0.41477001
v 0.58386201 3.55126 -0.504511
v 0.75787002 3.2960601 -0.744596
v 0.70469701 3.3740399 -0.67123097
v 0.56374103 3.5474701 -0.55416602
v -0.58174902 3.00438 -0.043536
v -0.70761299 3.0557401 -0.55778903
v -0.628097 3.2960601 -0.744596
v -0.643673 3.34443 -0.41477001
v -0.33903399 3.6241 -0.156772
v -0.46057001 2.6693201 -0.039724998
v -0.45408899 3.55126 -0.504511
v 0.064885996 3.64098 0.087476
v -0.331929 2.3847499 -0.091094002
v 0.064885996 2.25227 -0.17422301
v 0.064885996 2.8122699 -0.26505399
v 0.064885996 2.8122699 -0.26505399
v 0.064885996 2.25227 -0.17422301
v 0.46170199 2.3847499 -0.091094002
v 0.62961102 2.73615 -0.233758
v -0.49983701 2.73615 -0.233758
v 0.590343 2.6693201 -0.039724998
v 0.711523 3.00438 -0.043536
v -0.46057001 2.6693201 -0.039724998
v -0.58174902 3.00438 -0.043536
v -0.55761701 3.39428 -0.791556
v -0.696145 3.39165 -1.02381
v -0.68777299 3.49667 -0.90056098
v -0.56782103 3.3101101 -0.845312
v -0.70255899 3.09466 -1.03021
v -0.56782103 3.3101101 -0.845312
v -0.79947102 3.2167399 -0.76891297
v -0.66402799 3.32075 -0.71350098
v -0.70255899 3.09466 -1.03021
v -0.846582 2.53543 -1.1246901
v -0.66402799 3.32075 -0.71350098
v -0.834822 3.3717899 -0.79798597
v -0.79947102 3.2167399 -0.76891297
v -0.89960903 3.4324601 -1.00293
v -1.20811 2.6545999 -0.99004698
v -0.96692598 2.68015 -0.66094798
v -0.846582 2.53543 -1.1246901
v -0.96692598 2.68015 -0.66094798
v -0.98062402 1.43574 -0.098915003
v -1.11744 1.41879 -0.068181001
v -0.99152899 1.08778 0.084767997
v -1.08767 1.92386 -0.37771901
v -1.46538 1.76858 -0.811845
v -1.08767 1.92386 -0.37771901
v -0.879116 1.69829 -1.05434
v -0.879116 1.69829 -1.05434
v -0.88487297 1.1440001 -0.91232598
v -0.78846502 1.21909 -0.77676398
v -0.51662803 0.72006899 -0.67305601
v -0.78846502 1.21909 -0.77676398
v -0.51662803 0.72006899 -0.67305601
v -0.803231 0.94506902 -0.69713902
v -0.803231 0.94506902 -0.69713902
v -1.29023 0.693892 -0.35507199
v -0.74417102 0.50365603 -0.13809501
v -1.10368 1.25772 -0.111033
v -1.10368 1.25772 -0.111033
v -0.98062402 1.43574 -0.098915003
v -0.99152899 1.08778 0.084767997
v -1.51213 1.2596999 -0.59777302
v -0.74417102 0.50365603 -0.13809501
v 0.83233303 3.09466 -1.03021
v 0.929245 3.2167399 -0.76891297
v 0.69759399 3.3101101 -0.845312
v 0.79380202 3.32075 -0.71350098
v 0.96459597 3.3717899 -0.79798597
v 0.79380202 3.32075 -0.71350098
v 0.929245 3.2167399 -0.76891297
v 0.68739003 3.39428 -0.791556
v 0.81754601 3.49667 -0.90056098
v 0.82591897 3.39165 -1.02381
v 0.69759399 3.3101101 -0.845312
v 0.83233303 3.09466 -1.03021
v 1.02938 3.4324601 -1.00293
v 1.33889 2.6410899 -0.98757797
v 1.09846 2.67869 -0.66143298
v 1.09846 2.67869 -0.66143298
v 0.97623903 2.5315199 -1.12379
v 0.97623903 2.5315199 -1.12379
v 0.93340498 1.13367 0.160385
v 1.10268 1.4398299 -0.0069249999
v 0.96680999 1.4710701 -0.041186001
v 0.747109 0.97212499 -0.61835003
v 1.19767 0.68627697 -0.252166
v 0.63165098 0.56491899 -0.041041002
v 1.13936 1.9264801 -0.34272701
v 0.43609801 0.78201002 -0.59071702
v 0.747109 0.97212499 -0.61835003
v 0.76842499 1.24124 -0.71334201
v 0.85841298 1.14843 -0.84213901
v 0.43609801 0.78201002 -0.59071702
v 1.50624 1.70902 -0.758439
v 1.13936 1.9264801 -0.34272701
v 0.921404 1.6907099 -1.01285
v 0.921404 1.6907099 -1.01285
v 0.76842499 1.24124 -0.71334201
v 1.06879 1.2796 -0.040789999
v 1.06879 1.2796 -0.040789999
v 0.96680999 1.4710701 -0.041186001
v 0.93340498 1.13367 0.160385
v 1.48771 1.20838 -0.51642102
v 0.63165098 0.56491899 -0.041041002
v -0.22420099 3.05551 -0.177187
v 0.651178 3.47124 -0.15481199
v 0.673181 3.4683299 -0.29802901
v 0.77704102 3.20526 -0.142382
v -0.22420099 3.05551 -0.177187
v 0.79980701 3.2054701 -0.28656399
v 0.812442 2.8468599 -0.26492101
v 0.79043901 2.8452201 -0.117048
v -0.22420099 3.05551 -0.177187
v 0.80568898 2.7837701 0.001837
v 0.69093603 2.8194399 -0.013698
v 0.73194599 2.6198599 0.080696002
v 0.62073302 2.6584699 0.063225001
v 0.62073302 2.6584699 0.063225001
v 0.69093603 2.8194399 -0.013698
v 0.57622099 2.50091 -0.041053999
v 0.68886399 2.4641399 -0.025575001
v 0.57622099 2.50091 -0.041053999
v 0.73194599 2.6198599 0.080696002
v 0.68886399 2.4641399 -0.025575001
v 0.80568898 2.7837701 0.001837
v 0.89222997 2.8313 -0.43170401
v 0.77812999 2.86638 -0.45173299
v 0.84315902 2.83477 -0.10458
v 0.72660899 2.87046 -0.120236
v 0.84315902 2.83477 -0.10458
v 0.89222997 2.8313 -0.43170401
v 0.81402099 2.67733 -0.28773701
v 0.72660899 2.87046 -0.120236
v 0.57384098 2.4517801 -0.15270101
v 0.77812999 2.86638 -0.45173299
v 0.62443697 2.43888 -0.45153901
v 0.73221803 2.4015701 -0.431162
v 0.62443697 2.43888 -0.45153901
v 0.74125898 2.4458799 -0.38135901
v 0.73221803 2.4015701 -0.431162
v 0.68325597 2.4133201 -0.13698401
v 0.57384098 2.4517801 -0.15270101
v 0.68325597 2.4133201 -0.13698401
v 0.62443697 2.43888 -0.45153901
v 0.73221803 2.4015701 -0.431162
v 0.711577 2.4553499 -0.184476
v 0.81364 2.6772299 -0.26593
v 0.80258399 2.6824 -0.190622
v 0.74305701 2.4983201 -0.26195499
v 0.73112899 2.50298 -0.18678001
v 0.74305701 2.4983201 -0.26195499
v 0.73112899 2.50298 -0.18678001
v 0.72432101 2.44977 -0.26056701
v 0.71299303 2.45485 -0.18426301
v 0.828291 2.6712 -0.384408
v 0.81870502 2.6745801 -0.308606
v 0.76113802 2.4940901 -0.38179001
v 0.74986398 2.4972799 -0.303994
v 0.73118401 2.44911 -0.30271801
v 0.74267501 2.4453399 -0.381078
v 0.74986398 2.4972799 -0.303994
v 0.76113802 2.4940901 -0.38179001
v 0.353975 3.05551 -0.177187
v -0.54340702 3.4683299 -0.29802901
v -0.52140403 3.47124 -0.15481199
v -0.647268 3.20526 -0.142382
v 0.353975 3.05551 -0.177187
v -0.67003298 3.2054701 -0.28656399
v -0.68266898 2.8468599 -0.26492101
v -0.66066599 2.8452201 -0.117048
v 0.353975 3.05551 -0.177187
v -0.494663 2.43888 -0.45153901
v -0.64835697 2.86638 -0.45173299
v -0.444067 2.4517801 -0.15270101
v -0.59683502 2.87046 -0.120236
v -0.446448 2.50091 -0.041053999
v -0.56116199 2.8194399 -0.013698
v -0.49096 2.6584699 0.063225001
v -0.446448 2.50091 -0.041053999
v -0.49096 2.6584699 0.063225001
v -0.55909002 2.4641399 -0.025575001
v -0.60217297 2.6198599 0.080696002
v -0.56116199 2.8194399 -0.013698
v -0.675915 2.7837701 0.001837
v -0.675915 2.7837701 0.001837
v -0.55909002 2.4641399 -0.025575001
v -0.60217297 2.6198599 0.080696002
v -0.59683502 2.87046 -0.120236
v -0.713386 2.83477 -0.10458
v -0.64835697 2.86638 -0.45173299
v -0.762456 2.8313 -0.43170401
v -0.60244501 2.4015701 -0.431162
v -0.494663 2.43888 -0.45153901
v -0.68424797 2.67733 -0.28773701
v -0.762456 2.8313 -0.43170401
v -0.61148602 2.4458799 -0.38135901
v -0.713386 2.83477 -0.10458
v -0.55348301 2.4133201 -0.13698401
v -0.444067 2.4517801 -0.15270101
v -0.55348301 2.4133201 -0.13698401
v -0.494663 2.43888 -0.45153901
v -0.60244501 2.4015701 -0.431162
v -0.58180398 2.4553499 -0.184476
v -0.60244501 2.4015701 -0.431162
v -0.60135603 2.50298 -0.18678001
v -0.67281097 2.6824 -0.190622
v -0.61328298 2.4983201 -0.26195499
v -0.68386698 2.6772299 -0.26593
v -0.61328298 2.4983201 -0.26195499
v -0.59454799 2.44977 -0.26056701
v -0.60135603 2.50298 -0.18678001
v -0.58322001 2.45485 -0.18426301
v -0.60140997 2.44911 -0.30271801
v -0.62009102 2.4972799 -0.303994
v -0.61290199 2.4453399 -0.381078
v -0.631365 2.4940901 -0.38179001
v -0.69851702 2.6712 -0.384408
v -0.631365 2.4940901 -0.38179001
v -0.688932 2.6745801 -0.308606
v -0.62009102 2.4972799 -0.303994
v -0.453163 2.4779601 0.038104001
v -0.454579 2.46101 -0.015771
v -0.468521 2.5239999 0.044842999
v -0.50626397 2.4604101 0.044955999
v -0.52292901 2.5065701 0.051146999
v -0.50800699 2.4433899 -0.008041
v -0.52292901 2.5065701 0.051146999
v -0.468521 2.5239999 0.044842999
v -0.60870802 2.7169199 -0.25853601
v -0.453163 2.4779601 0.038104001
v -0.50626397 2.4604101 0.044955999
v -0.50800699 2.4433899 -0.008041
v -0.454579 2.46101 -0.015771
v -0.60870802 2.7169199 -0.25853601
v -0.60870802 2.7169199 -0.25853601
v -0.60870802 2.7169199 -0.25853601
v -0.243154 2.33318 0.26137701
v -0.472388 2.4788599 0.025341
v -0.24789301 2.3336201 0.27201599
v -0.48502299 2.4881999 0.034536999
v -0.170719 2.2927599 0.289213
v -0.239996 2.3174601 0.237279
v -0.161733 2.2941 0.26736501
v -0.167669 2.31411 0.30404601
v -0.24789301 2.3336201 0.27201599
v -0.24969 2.3218601 0.263852
v -0.15661301 2.33166 0.29257599
v -0.23444 2.3571 0.26406899
v -0.239996 2.3174601 0.237279
v -0.161733 2.2941 0.26736501
v -0.24969 2.3218601 0.263852
v -0.489979 2.4698501 0.023112001
v -0.472388 2.4788599 0.025341
v -0.243154 2.33318 0.26137701
v -0.239996 2.3174601 0.237279
v -0.24969 2.3218601 0.263852
v -0.61317402 2.6156199 0.028648
v -0.66769099 2.7385001 -0.02361
v -0.578372 2.5081501 -0.030920001
v -0.575486 2.4570301 -0.13887399
v -0.70194799 2.7823701 -0.14589401
v 0.742948 2.6156199 0.028648
v 0.70814598 2.5081501 -0.030920001
v 0.79746503 2.7385001 -0.02361
v 0.83172202 2.7823701 -0.14589401
v 0.70525903 2.4570301 -0.13887399
v 0.85307097 2.7789299 -0.26945001
v 0.84206998 2.78374 -0.193634
v 0.83139497 2.7179101 -0.267851
v 0.82001197 2.72205 -0.18994799
v 0.86799401 2.7736399 -0.38810301
v 0.85819101 2.7769699 -0.31063101
v 0.845882 2.7116899 -0.38547301
v 0.83651501 2.7158799 -0.30906701
v -0.72329801 2.7789299 -0.26945001
v -0.70162201 2.7179101 -0.267851
v -0.71229601 2.78374 -0.193634
v -0.69023901 2.72205 -0.18994799
v -0.70674098 2.7158799 -0.30906701
v -0.72841698 2.7769699 -0.31063101
v -0.71610898 2.7116899 -0.38547301
v -0.73822099 2.7736399 -0.38810301
v 0.83785999 3.1844699 -0.77585602
v 0.82730103 3.34129 -0.68232799
v -0.41282901 2.8154099 -0.074871004
v 0.72069401 3.27021 -0.91981399
v 0.83785999 3.1844699 -0.77585602
v -0.41282901 2.8154099 -0.074871004
v 0.72069401 3.27021 -0.91981399
v 0.82730103 3.34129 -0.68232799
v 0.83785999 3.1844699 -0.77585602
v 0.70450801 3.44719 -0.793522
v -0.41282901 2.8154099 -0.074871004
v 0.70450801 3.44719 -0.793522
v -0.70808601 3.1844699 -0.77585602
v 0.542602 2.8154099 -0.074871004
v -0.697528 3.34129 -0.68232799
v -0.59092098 3.27021 -0.91981399
v 0.542602 2.8154099 -0.074871004
v -0.70808601 3.1844699 -0.77585602
v -0.59092098 3.27021 -0.91981399
v -0.70808601 3.1844699 -0.77585602
v -0.697528 3.34129 -0.68232799
v -0.57473397 3.44719 -0.793522
v -0.57473397 3.44719 -0.793522
v -0.69601399 2.9818201 -0.659293
v -0.776416 3.0151501 -0.7094
v -0.41276601 3.21524 -1.02564
v -0.492816 3.2427101 -1.07383
v -0.49688199 3.6677699 -0.82068402
v -0.41681999 3.6416199 -0.77262503
v -0.783355 3.44909 -0.45924401
v -0.70337099 3.4218099 -0.410734
v -0.776416 3.0151501 -0.7094
v -0.69601399 2.9818201 -0.659293
v 0.82578802 2.9818201 -0.659293
v 0.542539 3.21524 -1.02564
v 0.90618998 3.0151501 -0.7094
v 0.62258899 3.2427101 -1.07383
v 0.62665498 3.6677699 -0.82068402
v 0.54659402 3.6416199 -0.77262503
v 0.91312897 3.44909 -0.45924401
v 0.83314401 3.4218099 -0.410734
v 0.90618998 3.0151501 -0.7094
v 0.82578802 2.9818201 -0.659293
v -0.157049 3.7080901 0.084734999
v -0.092400998 3.75407 0.117486
v 0.063743003 3.7097499 -0.129391
v -0.338355 3.2649801 0.36402401
v -0.40000701 3.1764801 0.292431
v -0.334815 2.9133999 0.29672399
v -0.70265597 3.21525 -0.23229501
v -0.40735999 3.42065 -0.29736301
v -0.64073199 2.75208 -0.04862
v -0.35169899 2.3539 0.27583399
v -0.427347 2.8275001 0.237609
v -0.52390999 2.8411901 0.30104199
v -0.193267 3.54861 0.253665
v -0.129273 3.5578899 0.42005301
v -0.187875 3.31933 0.25959101
v -0.53251499 3.4170301 0.26933399
v -0.40272999 3.55002 0.21178401
v -0.63125598 3.48985 0.232161
v -0.38573799 3.7207799 0.068094999
v 0.247282 3.2481 0.36399999
v 0.57128102 3.4197299 -0.25369599
v 0.511154 2.95136 0.282702
v 0.0025259999 3.17735 0.55992901
v 0.054212 3.36042 0.31540501
v 0.096474998 3.17189 0.44737101
v 0.57128102 3.4197299 -0.25369599
v 0.054212 3.36042 0.31540501
v -0.40735999 3.42065 -0.29736301
v -0.187875 3.31933 0.25959101
v -0.37375599 3.1452 0.230387
v -0.334815 2.9133999 0.29672399
v -0.40000701 3.1764801 0.292431
v -0.61758602 3.42941 0.12726
v -0.79110402 3.0739 0.285734
v 0.023876 3.6184199 0.168053
v 0.20011801 2.87818 0.441816
v -0.68713498 2.8147399 0.235797
v -0.52347398 2.46649 0.139423
v -0.183082 3.74243 0.029874999
v 0.054212 3.36042 0.31540501
v -0.061848 3.1097801 0.45096201
v 0.096474998 3.17189 0.44737101
v 0.20011801 2.87818 0.441816
v -0.061848 3.1097801 0.45096201
v 0.064832002 3.6863699 -0.244269
v 0.23938499 3.71717 -0.26485601
v 0.063743003 3.7097499 -0.129391
v -0.52265698 3.5471599 0.060968999
v -0.427347 2.8275001 0.237609
v -0.35169899 2.3539 0.27583399
v -0.148771 3.7383299 -0.104082
v 0.063743003 3.7097499 -0.129391
v -0.52265698 3.5471599 0.060968999
v -0.61758602 3.42941 0.12726
v -0.28590801 3.1554101 0.28514999
v -0.28590801 3.1554101 0.28514999
v -0.70902801 3.1824999 0.17865901
v -0.55876601 3.29479 0.30520701
v -0.183082 3.74243 0.029874999
v -0.157049 3.7080901 0.084734999
v 0.063743003 3.7097499 -0.129391
v -0.61976397 3.49524 0.032276001
v 0.023876 3.6184199 0.168053
v 0.054212 3.36042 0.31540501
v 0.39269799 3.44789 0.41297099
v 0.247282 3.2481 0.36399999
v -0.28814101 3.5220599 0.26313001
v -0.74742502 3.2951901 0.27942699
v -0.53850597 3.5149601 -0.31313801
v -0.35763499 3.6961 -0.03458
v 0.063743003 3.7097499 -0.129391
v 0.064832002 3.6863699 -0.244269
v -0.148771 3.7383299 -0.104082
v -0.19882201 3.7105899 -0.29571399
v -0.79110402 3.0739 0.285734
v -0.193267 3.54861 0.253665
v -0.187875 3.31933 0.25959101
v -0.40000701 3.1764801 0.292431
v 0.68331099 2.4728701 0.106607
v -0.40272999 3.55002 0.21178401
v -0.28814101 3.5220599 0.26313001
v -0.35763499 3.6961 -0.03458
v -0.52265698 3.5471599 0.060968999
v -0.157049 3.7080901 0.084734999
v 0.60161698 3.58884 -0.29323301
v -0.37375599 3.1452 0.230387
v 0.14810599 3.75787 0.125717
v 0.56033403 3.6675 -0.027674001
v 0.054212 3.36042 0.31540501
v 0.614034 2.96909 0.32305399
v 0.511154 2.95136 0.282702
v 0.68331099 2.4728701 0.106607
v 0.82959801 2.9756999 0.171362
v 0.86548901 2.88186 -0.097197004
v 0.75046301 3.3329401 0.121127
v 0.838965 3.2154 -0.25964701
v -0.37375599 3.1452 0.230387
v 0.57128102 3.4197299 -0.25369599
v 0.70455098 2.9572501 0.119831
v 0.61839098 2.9633 0.175881
v 0.614851 2.5513301 0.236432
v 0.51164401 2.5748701 0.27897701
v 0.44149601 2.40593 0.37124899
v 0.61185598 2.48154 0.157856
v 0.51311499 2.48102 0.129455
v 0.75471199 3.0037999 -0.19933
v 0.65025198 3.0032401 -0.22544
v 0.51311499 2.48102 0.129455
v 0.44149601 2.40593 0.37124899
v 0.51164401 2.5748701 0.27897701
v 0.61839098 2.9633 0.175881
v -0.40669 1.36961 -0.023266001
v -0.40457001 1.37345 0.241859
v -0.451065 1.38078 0.32695001
v -0.324514 1.3028899 -0.28999799
v -0.40669 1.36961 -0.023266001
v -0.50399297 1.4062999 -0.14535201
v 0.44356999 1.26696 0.29241601
v 0.53261697 1.3618 0.062141001
v 0.648826 1.4153301 0.015288
v 0.142565 1.16704 0.34805599
v 0.176752 1.16239 0.409931
v -0.188712 1.23841 0.331056
v -0.167569 1.21736 0.397403
v -0.089671999 1.22569 -0.40373799
v -0.324514 1.3028899 -0.28999799
v -0.32515299 1.2990201 -0.41447601
v 0.53261697 1.3618 0.062141001
v 0.50132 1.32893 -0.237149
v 0.53600699 1.33011 -0.33524501
v 0.142565 1.16704 0.34805599
v 0.44356999 1.26696 0.29241601
v 0.56710702 1.29792 0.31320301
v 0.068825997 1.92099 0.006821
v 0.068825997 1.92099 0.006821
v 0.068825997 1.92099 0.006821
v 0.068825997 1.92099 0.006821
v 0.068825997 1.92099 0.006821
v 0.068825997 1.92099 0.006821
v -0.089671999 1.22569 -0.40373799
v 0.068825997 1.92099 0.006821
v 0.068825997 1.92099 0.006821
v -0.064457998 1.2076 -0.48017299
v 0.22608601 1.20418 -0.41123101
v 0.068825997 1.92099 0.006821
v 0.163845 1.19779 -0.485461
v 0.068825997 1.92099 0.006821
v 0.068825997 1.92099 0.006821
v 0.068825997 1.92099 0.006821
v 0.068825997 1.92099 0.006821
v 0.142565 1.16704 0.34805599
v 0.068825997 1.92099 0.006821
v 0.22608601 1.20418 -0.41123101
v 0.068825997 1.92099 0.006821
v 0.068825997 1.92099 0.006821
v 0.068825997 1.92099 0.006821
v 0.176752 1.16239 0.409931
v 0.068825997 1.92099 0.006821
v 0.142565 1.16704 0.34805599
v -0.188712 1.23841 0.331056
v 0.068635002 1.74192 0.049428001
v 0.44356999 1.26696 0.29241601
v 0.068635002 1.74192 0.049428001
v -0.40457001 1.37345 0.241859
v 0.068635002 1.74192 0.049428001
v 0.53261697 1.3618 0.062141001
v 0.44356999 1.26696 0.29241601
v -0.40669 1.36961 -0.023266001
v 0.068635002 1.74192 0.049428001
v -0.324514 1.3028899 -0.28999799
v 0.068635002 1.74192 0.049428001
v -0.089671999 1.22569 -0.40373799
v 0.50132 1.32893 -0.237149
v 0.068635002 1.74192 0.049428001
v 0.22608601 1.20418 -0.41123101
v -0.089671999 1.22569 -0.40373799
v 0.392831 1.46845 -0.27913901
v 0.403813 1.48612 -0.24160101
v 0.314785 1.57849 -0.162558
v 0.33249 1.57611 -0.13938101
v 0.55554998 1.34935 0.316971
v 0.55190003 1.30138 0.348041
v 0.32212701 1.49789 0.26611
v 0.257247 1.4699 0.301025
v 0.65805203 1.33839 0.108615
v 0.66886401 1.3396 0.113243
v 0.56221402 1.34861 0.32373199
v 0.68659502 1.29188 0.116282
v 0.55190003 1.30138 0.348041
v 0.32253101 1.49817 0.27883899
v 0.257247 1.4699 0.301025
v 0.335504 1.5808001 -0.143656
v 0.42934299 1.49507 -0.248622
v 0.314785 1.57849 -0.162558
v 0.392831 1.46845 -0.27913901
v 0.61764699 1.4026099 -0.205717
v 0.63935399 1.3658 -0.24264
v 0.62746799 1.40319 -0.21028399
v 0.63935399 1.3658 -0.24264
v 0.68659502 1.29188 0.116282
v -0.64576203 2.3522601 0.271238
v -0.75765902 2.5486 0.22923
v -0.86867201 2.4062901 0.19398101
v -0.86576599 2.2545099 0.324379
v -0.74588197 2.2833099 0.46641499
v -0.42804399 2.0944099 0.010754
v -0.366346 2.0899899 0.098440997
v -0.86576599 2.2545099 0.324379
v -0.42804399 2.0944099 0.010754
v -0.39712399 2.19927 -0.034564
v -0.366346 2.0899899 0.098440997
v -0.330659 2.24493 0.017874001
v -0.74588197 2.2833099 0.46641499
v -0.366346 2.0899899 0.098440997
v -0.294148 2.1392601 0.155673
v -0.294148 2.1392601 0.155673
v -0.27246001 2.24283 0.098866999
v -0.63222098 2.4240699 0.50662303
v -0.63793302 2.57778 0.37073299
v -0.434131 2.3326099 0.118186
v -0.63793302 2.57778 0.37073299
v -0.27246001 2.24283 0.098866999
v -0.63222098 2.4240699 0.50662303
v -0.66284603 2.5387001 0.25952601
v -0.71549898 2.5174999 0.204267
v -0.76560301 2.46246 0.180701
v -0.75765902 2.5486 0.22923
v -0.86867201 2.4062901 0.19398101
v -0.39712399 2.19927 -0.034564
v -0.50659198 2.2783599 0.063179001
v -0.50659198 2.2783599 0.063179001
v -0.76560301 2.46246 0.180701
v -0.47153899 2.3162701 0.080072999
v -0.71549898 2.5174999 0.204267
v -0.434131 2.3326099 0.118186
v -0.66284603 2.5387001 0.25952601
v -0.330659 2.24493 0.017874001
v -0.47153899 2.3162701 0.080072999
v 0.33105001 1.87484 0.039604999
v 0.37659201 1.8727601 -0.052652001
v 0.53189099 1.35157 0.121695
v 0.37659201 1.8727601 -0.052652001
v 0.33105001 1.87484 0.039604999
v 0.48021099 1.9645801 0.055302002
v 0.40311 1.93718 0.109706
v 0.64326298 1.53593 0.291242
v 0.74234301 1.52817 0.30256599
v 0.71249402 1.57307 0.28108799
v 0.62881398 1.57783 0.108965
v 0.53189099 1.35157 0.121695
v 0.65663898 1.38395 -0.011486
v 0.46044299 1.90332 -0.109279
v 0.52184898 1.96246 -0.029771
v 0.46044299 1.90332 -0.109279
v 0.65663898 1.38395 -0.011486
v 0.37659201 1.8727601 -0.052652001
v 0.81933498 1.47832 -0.01179
v 0.52184898 1.96246 -0.029771
v 0.76931 1.59087 0.230597
v 0.86293 1.5573601 0.166825
v 0.57321697 1.83253 0.096657
v 0.81933498 1.47832 -0.01179
v 0.86293 1.5573601 0.166825
v 0.74234301 1.52817 0.30256599
v 0.40311 1.93718 0.109706
v 0.48451999 1.79419 0.14003401
v 0.57997102 1.43413 0.303354
v 0.48451999 1.79419 0.14003401
v 0.64326298 1.53593 0.291242
v 0.53334498 1.81986 0.131308
v 0.71249402 1.57307 0.28108799
v 0.57997102 1.43413 0.303354
v 0.76931 1.59087 0.230597
v 0.57321697 1.83253 0.096657
v 0.48021099 1.9645801 0.055302002
v 0.53334498 1.81986 0.131308
v 0.65663898 1.38395 -0.011486
v -0.74588197 2.2833099 0.46641499
v -0.153447 0.52409399 -0.12829299
v -0.064078003 0.52169597 -0.093102999
v -0.206626 0.51969898 -0.062215999
v -0.13323399 0.60874498 -0.129403
v -0.19677199 0.603544 -0.095996
v -0.127855 1.14904 -0.117616
v -0.268527 1.1468101 -0.086332001
v -0.153447 0.52409399 -0.12829299
v -0.19677199 0.603544 -0.095996
v -0.13323399 0.60874498 -0.129403
v -0.206626 0.51969898 -0.062215999
v -0.070987999 0.60466498 -0.097240001
v -0.153447 0.52409399 -0.12829299
v -0.13323399 0.60874498 -0.129403
v -0.064078003 0.52169597 -0.093102999
v -0.13323399 0.60874498 -0.129403
v -0.127855 1.14904 -0.117616
v -0.070987999 0.60466498 -0.097240001
v 0.011344 1.14538 -0.066962004
v -0.133129 1.1388299 0.02437
v -0.133129 1.1388299 0.02437
v 0.0068720002 1.13196 0.119807
v -0.13704 1.1275001 0.182051
v -0.041168999 0.59850597 -0.026581001
v -0.041168999 0.59850597 -0.026581001
v -0.28245199 1.1318001 0.12242
v -0.21390601 0.59843999 -0.024351999
v -0.18982001 0.51215398 0.061861001
v -0.21390601 0.59843999 -0.024351999
v -0.015918 0.51469302 0.022647999
v -0.131497 0.50574797 0.14575499
v -0.028455 0.50735903 0.120934
v -0.0682 0.50830501 0.15843099
v -0.028455 0.50735903 0.120934
v -0.131497 0.50574797 0.14575499
v -0.0682 0.50830501 0.15843099
v -0.124052 0.63432598 0.071604997
v -0.18982001 0.51215398 0.061861001
v -0.015918 0.51469302 0.022647999
v -0.124052 0.63432598 0.071604997
v 0.39285901 1.14162 -0.083125003
v 0.25310099 1.1491899 -0.117695
v 0.25465 1.1389199 0.024428001
v 0.40130299 1.12628 0.125973
v 0.25442699 1.1275899 0.182216
v 0.25465 1.1389199 0.024428001
v 0.25310099 1.1491899 -0.117695
v 0.112667 1.1509 -0.070284002
v 0.24473 0.52416599 -0.129509
v 0.30198699 0.51779801 -0.067102998
v 0.157859 0.52475101 -0.088472001
v 0.29944199 0.60139298 -0.094749004
v 0.236651 0.60914201 -0.12978201
v 0.30198699 0.51779801 -0.067102998
v 0.24473 0.52416599 -0.129509
v 0.29944199 0.60139298 -0.094749004
v 0.24473 0.52416599 -0.129509
v 0.157859 0.52475101 -0.088472001
v 0.173262 0.60760802 -0.098913997
v 0.173262 0.60760802 -0.098913997
v 0.236651 0.60914201 -0.12978201
v 0.236651 0.60914201 -0.12978201
v 0.236651 0.60914201 -0.12978201
v 0.31477499 0.59564602 -0.022381
v 0.31477499 0.59564602 -0.022381
v 0.29318801 0.51054502 0.057815999
v 0.240366 0.50594699 0.145391
v 0.112241 1.13748 0.116607
v 0.14144599 0.60270703 -0.028624
v 0.14144599 0.60270703 -0.028624
v 0.117261 0.51913297 0.030216999
v 0.17817301 0.51064098 0.16223501
v 0.136023 0.511145 0.12745599
v 0.240366 0.50594699 0.145391
v 0.29318801 0.51054502 0.057815999
v 0.117261 0.51913297 0.030216999
v 0.22380801 0.63520598 0.071915999
v 0.136023 0.511145 0.12745599
v 0.22380801 0.63520598 0.071915999
v 0.17817301 0.51064098 0.16223501
v -0.31156299 1.54249 0.29754299
v -0.14398 1.41363 0.371117
v -0.185242 1.62386 0.24756099
v 0.064885996 1.56457 0.29795799
v 0.175813 2.2032399 0.055686001
v 0.23056801 2.2279401 -0.070482001
v 0.156102 2.27683 0.044121001
v 0.19109599 2.2856801 -0.078988999
v 0.136149 2.2790599 -0.167005
v 0.064975001 2.24371 -0.095275998
v 0.19109599 2.2856801 -0.078988999
v 0.156102 2.27683 0.044121001
v -0.061393 2.2856901 -0.078991003
v -0.0064559998 2.2790599 -0.167007
v 0.064885996 2.27615 -0.18471999
v -0.026357001 2.27683 0.044121001
v 0.049968999 2.2674201 0.130931
v 0.079802997 2.2674201 0.130931
v -0.061393 2.2856901 -0.078991003
v -0.100654 2.2279401 -0.070478998
v -0.026357001 2.27683 0.044121001
v -0.046039 2.2032399 0.055686001
v -0.138136 2.2088799 -0.048779
v -0.046039 2.2032399 0.055686001
v -0.100654 2.2279401 -0.070478998
v -0.18591 1.68059 -0.17557301
v -0.176805 1.42857 -0.38969299
v -0.29055199 1.5435801 -0.239439
v 0.30657899 1.42857 -0.38969299
v 0.316158 1.68059 -0.17557301
v 0.42032599 1.5435801 -0.239439
v 0.136149 2.2790599 -0.167005
v 0.14577501 2.2114201 -0.195894
v 0.064885996 2.2125299 -0.233004
v 0.064885996 2.27615 -0.18471999
v 0.064885996 1.59187 -0.26464599
v 0.065122999 1.6626199 -0.227275
v -0.016000999 2.2114201 -0.195894
v -0.0064559998 2.2790599 -0.167007
v 0.25401101 2.1312599 -0.187564
v 0.064885996 2.2125299 -0.233004
v 0.14577501 2.2114201 -0.195894
v -0.124238 2.1312599 -0.187564
v -0.016000999 2.2114201 -0.195894
v -0.100654 2.2279401 -0.070478998
v -0.138136 2.2088799 -0.048779
v 0.26960799 1.9759001 -0.18639199
v 0.064885996 2.17958 0.118174
v 0.049968999 2.2674201 0.130931
v 0.079802997 2.2674201 0.130931
v -0.13525 2.1328399 0.082505003
v 0.064885996 2.17958 0.118174
v 0.175813 2.2032399 0.055686001
v 0.26791 2.2088799 -0.048779
v 0.23056801 2.2279401 -0.070482001
v 0.23056801 2.2279401 -0.070482001
v 0.26791 2.2088799 -0.048779
v 0.490455 1.59962 -0.0054370002
v 0.40156299 1.67335 -0.0078149997
v -0.139835 1.9759001 -0.18639199
v -0.130785 1.9988199 0.187713
v 0.064885996 1.98999 0.23692501
v -0.34567699 1.55301 0.156896
v -0.360681 1.59962 -0.0054370002
v -0.27131501 1.67335 -0.0078149997
v -0.167289 1.98815 0.083553001
v -0.27131501 1.67335 -0.0078149997
v -0.207524 1.92211 -0.051397
v -0.207524 1.92211 -0.051397
v 0.31548899 1.62386 0.24756099
v 0.21011201 1.35929 0.371117
v 0.42272401 1.4752001 0.29754299
v 0.47545099 1.55301 0.156896
v 0.26511699 2.1328399 0.082505003
v 0.26054901 1.9988199 0.187712
v 0.33729699 1.92211 -0.051397
v 0.29706201 1.98815 0.083553001
v -0.360681 1.59962 -0.0054370002
v 0.064885996 2.17958 0.118174
v 0.064885996 2.17958 0.118174
v 0.490455 1.59962 -0.0054370002
v 0.47545099 1.55301 0.156896
v 0.064709 1.64116 0.083541997
v 0.064709 1.64116 0.083541997
v -0.34567699 1.55301 0.156896
v -0.360681 1.59962 -0.0054370002
v 0.42032599 1.5435801 -0.239439
v 0.064709 1.64116 0.083541997
v -0.176805 1.42857 -0.38969299
v 0.064885996 1.59187 -0.26464599
v -0.29055199 1.5435801 -0.239439
v -0.360681 1.59962 -0.0054370002
v 0.30657899 1.42857 -0.38969299
v 0.42272401 1.4752001 0.29754299
v 0.21011201 1.35929 0.371117
v -0.31156299 1.54249 0.29754299
v 0.064885996 1.56457 0.29795799
v -0.14398 1.41363 0.371117
v -0.0064559998 2.2790599 -0.167007
v 0.064845003 2.27615 -0.18471999
v -0.047625002 2.2346799 -0.243288
v 0.064992003 2.23053 -0.29268801
v -0.061393 2.2856901 -0.078991003
v -0.143999 2.2358601 -0.096955001
v -0.117578 2.1973701 0.067865998
v -0.026357001 2.27683 0.044121001
v 0.177564 2.2346799 -0.243288
v 0.136149 2.2790599 -0.167005
v 0.156131 2.27683 0.044121001
v 0.247495 2.1973801 0.067865998
v 0.19109599 2.2857699 -0.078997999
v 0.27384701 2.2358601 -0.096955001
v 0.079912998 2.2674201 0.130931
v 0.049968999 2.2674201 0.130931
v -0.039252002 2.13381 0.19591901
v 0.16933499 2.1338201 0.19591901
v 0.21542101 2.0492699 0.177705
v 0.13403501 2.04827 0.20056
v 0.21893901 2.0306001 0.18894701
v 0.135254 2.02882 0.212874
v 0.150024 2.1953399 0.15530699
v 0.183698 2.16067 0.15719301
v 0.18808299 2.2188201 0.100336
v 0.221646 2.19135 0.098148003
v 0.214811 1.47063 0.209051
v 0.40386701 1.4087501 0.153207
v 0.39251599 1.47063 0.12246
v 0.385616 1.47063 -0.079691999
v 0.40386701 1.4087501 0.153207
v 0.39280599 1.39562 -0.084854998
v 0.39251599 1.47063 0.12246
v 0.26174399 1.36929 0.20961
v -0.28556299 1.43481 0.153207
v -0.085037 1.47063 0.209051
v -0.262743 1.47063 0.12246
v -0.25584301 1.47063 -0.079691999
v -0.28556299 1.43481 0.153207
v -0.262743 1.47063 0.12246
v -0.131731 1.3693 0.209613
v 0.113508 1.30205 0.141954
v 0.016139001 1.30123 0.14164799
v -0.26303399 1.3961101 -0.084673002
v -0.085037 1.47063 -0.177342
v 0.214811 1.47063 -0.177342
v 0.260984 1.34172 -0.134847
v 0.064885996 1.47063 -0.15783501
v -0.131731 1.34171 -0.134848
v 0.121576 1.29106 -0.074787997
v 0.0076359999 1.29027 -0.075079001
v 0.26960799 1.9759001 -0.18639199
v 0.25401101 2.1312599 -0.187564
v 0.38556501 2.0854499 -0.14353
v 0.33729699 1.92211 -0.051397
v 0.26960799 1.9759001 -0.18639199
v 0.34267801 2.0111799 -0.13809299
v 0.39157599 2.1241 -0.037369002
v 0.52829999 1.90145 -0.0025760001
v 0.26791 2.2088799 -0.048779
v 0.36065799 2.0996001 0.047366999
v 0.48296899 1.89499 0.061143
v 0.319996 2.02316 0.032628
v 0.29706201 1.98815 0.083553001
v 0.26511699 2.1328399 0.082505003
v 0.31951401 1.99517 -0.049807001
v 0.39306101 1.831 0.019130999
v 0.43255699 1.8382699 -0.031009
v 0.49007699 1.86423 -0.053422999
v 0.41837201 1.86408 0.080557004
v -0.397737 2.1438999 0.12619799
v -0.226362 2.05299 0.065521002
v -0.35339701 2.1822701 0.15458301
v -0.138136 2.2088799 -0.048779
v -0.206764 2.2007301 -0.001737
v -0.13525 2.1328399 0.082505003
v -0.197144 2.1440401 0.077848002
v -0.44132099 2.1929901 0.025931999
v -0.263246 2.0868101 -0.094233997
v -0.44074801 2.1359701 0.074245997
v -0.252666 2.0425401 -0.011052
v -0.44074801 2.1359701 0.074245997
v -0.167289 1.98815 0.083553001
v -0.207524 1.92211 -0.051397
v -0.34195101 2.24633 0.116768
v -0.38780299 2.2428801 0.057215001
v -0.238631 2.1808901 -0.100775
v -0.263246 2.0868101 -0.094233997
v -0.139835 1.9759001 -0.18639199
v -0.124238 2.1312599 -0.187564
v -0.139835 1.9759001 -0.18639199
v 0.016139001 1.30123 0.14164799
v -0.0073460001 1.13287 0.107104
v 0.0076359999 1.29027 -0.075079001
v -0.003115 1.14484 -0.059854999
v -0.12821101 1.14775 -0.099745996
v -0.131731 1.34171 -0.134848
v -0.136391 1.12857 0.16711301
v -0.131731 1.3693 0.209613
v -0.12821101 1.14775 -0.099745996
v -0.25713199 1.14588 -0.073459998
v -0.131731 1.34171 -0.134848
v -0.26303399 1.3961101 -0.084673002
v -0.27490199 1.1324 0.114122
v -0.28556299 1.43481 0.153207
v 0.113508 1.30205 0.141954
v 0.121576 1.29106 -0.074787997
v 0.126784 1.13784 0.104234
v 0.12693 1.14981 -0.062839001
v 0.25416601 1.12861 0.167256
v 0.26174399 1.36929 0.20961
v 0.25298801 1.14791 -0.099815004
v 0.260984 1.34172 -0.134847
v 0.39280599 1.39562 -0.084854998
v 0.381134 1.14114 -0.070518002
v 0.260984 1.34172 -0.134847
v 0.25298801 1.14791 -0.099815004
v 0.393976 1.12716 0.117497
v 0.40386701 1.4087501 0.153207
v -0.061861999 2.3089199 -0.097714998
v 0.064885996 2.2878799 -0.16460399
v 0.064885996 2.0694101 -0.043297999
v 0.064885996 2.0694101 -0.043297999
v 0.191636 2.3089199 -0.097714998
v 0.181455 2.3134401 0.014359
v 0.064885996 2.3006699 0.109151
v -0.051681001 2.3134401 0.014359
v 0.064885996 2.2878799 -0.16460399
v 0.34267801 2.0111799 -0.13809299
v 0.49007699 1.86423 -0.053422999
v 0.206292 1.5108401 0.40465301
v 0.060738001 1.42321 0.40381801
v -0.082106002 1.51122 0.404652
v -0.082106002 1.51122 0.404652
v 0.061097998 1.5165401 0.41718999
v -0.029720999 1.83939 0.32982901
v 0.064255998 1.84193 0.34708399
v 0.060738001 1.42321 0.40381801
v 0.15834001 1.83935 0.32982799
v 0.206292 1.5108401 0.40465301
v -0.029720999 1.83939 0.32982901
v 0.15834001 1.83935 0.32982799
v 0.065056004 2.1547 0.187846
v 0.035936002 2.14498 0.161561
v 0.094200999 2.14498 0.161561
v 0.094200999 2.14498 0.161561
v 0.035936002 2.14498 0.161561
v 0.065067001 2.1470301 0.207213
v 0.026265999 2.1375201 0.163302
v 0.103883 2.1375201 0.163302
v 0.127103 2.1898701 0.132101
v 0.103883 2.1375201 0.163302
v 0.0029239999 2.1898701 0.132101
v 0.064994998 2.20578 0.16937301
v 0.026265999 2.1375201 0.163302
v 0.0029239999 2.1898701 0.132101
v 0.026265999 2.1375201 0.163302
v 0.073803 2.1822901 0.15987299
v 0.189127 2.21208 0.052299999
v 0.118017 2.22018 0.130059
v 0.011936 2.22018 0.130059
v -0.059108999 2.21208 0.052299999
v 0.056248002 2.1822901 0.15987299
v 0.065862 2.1445701 0.161364
v 0.10321 2.19907 0.106976
v 0.065842003 2.20526 0.136342
v 0.028493 2.19907 0.106976
v 0.028493 2.19907 0.106976
v 0.10321 2.19907 0.106976
v 0.065862 2.1445701 0.161364
v 0.066807002 1.6895601 0.39783499
v -0.067947 1.6900899 0.38006899
v 0.066556998 1.67149 0.400691
v -0.071473002 1.6726201 0.38325101
v -0.073973 1.64495 0.38931099
v 0.066134997 1.6429501 0.40616399
v -0.071594 1.66302 0.38563401
v 0.066414997 1.66153 0.402823
v -0.050225999 1.70936 -0.211409
v -0.047724001 1.74323 -0.21557599
v 0.065122999 1.70825 -0.24141
v 0.065122999 1.74665 -0.247425
v 0.177972 1.74323 -0.21557599
v 0.180474 1.70936 -0.211409
v 0.44041401 0 -0.76281798
v -0.440413 0 -0.76281798
v 0.44041401 0.49502999 -0.76281798
v -0.440413 0.49502999 -0.76281798
v -0.88082701 0 0
v -0.88082701 0.49502999 0
v -0.440413 0 0.76281798
v -0.440413 0.49502999 0.76281798
v 0.440413 0 0.76281798
v 0.440413 0.49502999 0.76281798
v 0.88082701 0 0
v 0.88082701 0.49502999 0
v 0.44041401 0.49502999 -0.76281798
v -0.440413 0.49502999 -0.76281798
v 0 0.49502999 0
v -0.88082701 0.49502999 0
v -0.440413 0.49502999 0.76281798
v 0.440413 0.49502999 0.76281798
v 0.88082701 0.49502999 0
v -0.27647001 0.086543001 0.77067399
v 0.27647001 0.086543001 0.77067399
v -0.27647001 0.35374999 0.77067399
v 0.27647001 0.35374999 0.77067399
v 0.216258 2.0213799 0.20300899
v 0.13265599 2.0199299 0.22477099
v 0.21874399 2.00385 0.212962
v 0.13405301 1.99589 0.239024
v -0.074712001 0.90388697 0.111504
v -0.076085001 0.98574501 0.13394099
v -0.14178699 0.899921 0.13445701
v -0.147691 0.98592401 0.15417799
v -0.21083499 0.90052497 0.108733
v -0.217914 0.99078101 0.12553599
v -0.075562 0.70550603 0.075915001
v -0.079867996 0.79606098 0.099946998
v -0.135107 0.70234603 0.090864003
v -0.136943 0.79461598 0.113721
v -0.189262 0.70130998 0.070936002
v -0.198226 0.79429299 0.101005
v 0.17544299 0.708538 0.072902001
v 0.233935 0.70289803 0.090956002
v 0.182309 0.79888302 0.097130001
v 0.23847 0.79505801 0.113882
v 0.30026799 0.79211801 0.1044
v 0.288968 0.69953197 0.073898003
v 0.255162 0.985829 0.15485699
v 0.184773 0.98863 0.130889
v 0.24666899 0.90010899 0.134849
v 0.181118 0.90685499 0.108407
v 0.316935 0.89774102 0.112784
v 0.32693401 0.98765302 0.12994
v 0.049968999 2.2674201 0.130931
v -0.039252002 2.13381 0.19591901
v 0.064553998 2.2694299 0.157564
v -0.036541 2.09238 0.235553
v -0.047625002 2.2346799 -0.243288
v 0.064992003 2.23053 -0.29268801
v -0.069921002 2.21439 -0.26197401
v 0.065012001 2.2051899 -0.31999299
v -0.117578 2.1973701 0.067865998
v -0.14852899 2.1915901 0.074864
v -0.039252002 2.13381 0.19591901
v -0.036541 2.09238 0.235553
v 0.177564 2.2346799 -0.243288
v 0.27384701 2.2358601 -0.096955001
v 0.19969501 2.21439 -0.26197401
v 0.30524901 2.2225201 -0.104595
v 0.247495 2.1973801 0.067865998
v 0.16933499 2.1338201 0.19591901
v 0.278303 2.1915901 0.074864
v 0.166315 2.09238 0.235553
v 0.064885996 2.17958 0.118174
v 0.079912998 2.2674201 0.130931
v -0.143999 2.2358601 -0.096955001
v -0.175475 2.2225201 -0.104595
v -0.175475 2.2225201 -0.104595
v -0.143999 2.2358601 -0.096955001
v -0.069921002 2.21439 -0.26197401
v -0.047625002 2.2346799 -0.243288
v 0.16933499 2.1338201 0.19591901
v 0.166315 2.09238 0.235553
v 0.27384701 2.2358601 -0.096955001
v 0.30524901 2.2225201 -0.104595
v 0.19969501 2.21439 -0.26197401
v 0.177564 2.2346799 -0.243288
v 0.29706201 1.98815 0.083553001
v 0.33729699 1.92211 -0.051397
v 0.332239 2.00105 0.085137002
v 0.370823 1.94084 -0.051337
v 0.303767 2.20803 -0.046916999
v 0.29203001 2.1331699 -0.186473
v 0.26791 2.2088799 -0.048779
v 0.25401101 2.1312599 -0.187564
v 0.30504701 1.98959 -0.18452001
v 0.26960799 1.9759001 -0.18639199
v 0.33729699 1.92211 -0.051397
v 0.370823 1.94084 -0.051337
v 0.303588 2.1357601 0.081358999
v 0.26511699 2.1328399 0.082505003
v -0.17262 2.14345 0.090319999
v -0.13525 2.1328399 0.082505003
v -0.173858 2.2163301 -0.037565
v -0.138136 2.2088799 -0.048779
v -0.162233 2.1331699 -0.186474
v -0.124238 2.1312599 -0.187564
v -0.20249499 2.00105 0.085137002
v -0.24105 1.94084 -0.051337
v -0.207524 1.92211 -0.051397
v -0.16723301 1.98816 0.083554998
v -0.175274 1.98959 -0.18452001
v -0.139835 1.9759001 -0.18639199
v -0.207524 1.92211 -0.051397
v -0.24105 1.94084 -0.051337
v -0.143701 1.3694201 0.39332801
v 0.064885996 1.50734 0.32878599
v -0.14398 1.41363 0.371117
v 0.064885996 1.56457 0.29795799
v -0.37639499 1.52233 0.155086
v -0.34567699 1.55301 0.156896
v -0.39181799 1.5671999 -0.0087559996
v -0.360681 1.59962 -0.0054370002
v -0.341169 1.5142601 0.30145401
v -0.31156299 1.54249 0.29754299
v -0.14398 1.41363 0.371117
v -0.143701 1.3694201 0.39332801
v 0.490455 1.59962 -0.0054370002
v 0.47545099 1.55301 0.156896
v 0.52159101 1.5671999 -0.0087559996
v 0.50616801 1.52233 0.155086
v -0.313979 1.5079401 -0.252817
v -0.29055199 1.5435801 -0.239439
v 0.064885996 1.59187 -0.26464599
v 0.064885996 1.54918 -0.29829499
v -0.176805 1.42857 -0.38969299
v -0.18220399 1.38036 -0.42878899
v 0.21011201 1.35929 0.371117
v 0.19974899 1.31415 0.39332801
v 0.30657899 1.42857 -0.38969299
v 0.311977 1.38036 -0.42878899
v 0.42032599 1.5435801 -0.239439
v 0.443753 1.5079401 -0.252817
v 0.30657899 1.42857 -0.38969299
v 0.311977 1.38036 -0.42878899
v 0.19974899 1.31415 0.39332801
v 0.44839999 1.44129 0.30145401
v 0.21011201 1.35929 0.371117
v 0.42272401 1.4752001 0.29754299
v -0.176805 1.42857 -0.38969299
v -0.18220399 1.38036 -0.42878899
v 0.47905201 2.0002201 -0.050565001
v 0.397028 2.1077199 -0.124722
v 0.39433801 2.1279299 -0.036742002
v 0.455266 2.0054801 0.017858
v 0.37635201 2.1192801 0.032577001
v 0.41908199 1.99406 0.063274004
v -2.05843 0.011798 1.86177
v 2.05843 0.011798 1.86177
v -2.05843 0.011798 -1.66864
v 2.05843 0.011798 -1.66864
s 1
f 1// 2// 3//
f 3// 2// 4//
f 4// 5// 3//
f 6// 5// 4//
f 3// 5// 7//
f 7// 5// 8//
f 7// 8// 9//
f 10// 4// 2//
f 10// 11// 4//
f 4// 11// 6//
f 10// 12// 11//
f 13// 3// 7//
f 1// 3// 13//
f 7// 14// 13//
f 7// 9// 14//
f 15// 14// 9//
f 16// 17// 18//
f 18// 17// 19//
f 20// 16// 18//
f 21// 16// 20//
f 21// 20// 22//
f 22// 20// 23//
f 24// 25// 26//
f 27// 28// 29//
f 22// 30// 28//
f 23// 30// 22//
f 29// 28// 30//
f 31// 27// 29//
f 32// 27// 31//
f 32// 31// 33//
f 17// 33// 19//
f 33// 31// 34//
f 19// 33// 34//
f 35// 24// 26//
f 36// 24// 35//
f 37// 36// 35//
f 38// 36// 37//
f 37// 39// 38//
f 40// 41// 42//
f 42// 41// 43//
f 42// 43// 44//
f 44// 43// 45//
f 46// 44// 45//
f 47// 44// 46//
f 48// 49// 50//
f 46// 51// 47//
f 52// 51// 46//
f 51// 52// 53//
f 53// 52// 54//
f 53// 54// 55//
f 55// 54// 56//
f 40// 57// 41//
f 57// 55// 56//
f 58// 57// 40//
f 58// 55// 57//
f 50// 59// 48//
f 60// 59// 50//
f 60// 61// 59//
f 62// 61// 60//
f 62// 63// 61//
f 64// 65// 66//
f 66// 65// 67//
f 68// 69// 70//
f 70// 69// 71//
f 72// 73// 74//
f 74// 73// 75//
f 76// 77// 78//
f 78// 77// 79//
f 78// 80// 76//
f 81// 80// 78//
f 73// 72// 82//
f 82// 72// 83//
f 82// 83// 84//
f 84// 83// 85//
f 85// 86// 84//
f 84// 86// 87//
f 77// 88// 79//
f 87// 86// 88//
f 79// 88// 89//
f 88// 86// 89//
f 81// 90// 80//
f 80// 90// 91//
f 92// 93// 94//
f 94// 93// 95//
f 96// 97// 98//
f 98// 97// 99//
f 100// 101// 102//
f 102// 92// 100//
f 93// 92// 102//
f 102// 101// 103//
f 104// 98// 99//
f 105// 98// 104//
f 103// 101// 106//
f 106// 101// 107//
f 106// 107// 108//
f 96// 109// 97//
f 108// 107// 109//
f 108// 109// 96//
f 104// 110// 105//
f 105// 110// 111//
f 112// 113// 114//
f 114// 113// 115//
f 116// 117// 118//
f 119// 120// 121//
f 121// 120// 122//
f 123// 112// 114//
f 124// 123// 114//
f 125// 116// 118//
f 125// 118// 126//
f 126// 118// 127//
f 125// 128// 116//
f 116// 128// 129//
f 128// 120// 129//
f 122// 120// 130//
f 130// 120// 128//
f 131// 112// 132//
f 133// 134// 135//
f 122// 130// 136//
f 122// 136// 137//
f 125// 137// 128//
f 128// 137// 136//
f 138// 139// 140//
f 140// 141// 138//
f 138// 141// 142//
f 141// 143// 142//
f 144// 139// 138//
f 141// 140// 145//
f 140// 139// 146//
f 147// 131// 132//
f 147// 148// 149//
f 149// 148// 150//
f 151// 134// 152//
f 134// 133// 153//
f 153// 152// 134//
f 135// 154// 133//
f 147// 132// 155//
f 155// 148// 147//
f 148// 155// 156//
f 123// 156// 112//
f 157// 112// 156//
f 158// 156// 123//
f 158// 148// 156//
f 152// 153// 159//
f 153// 133// 160//
f 161// 6// 121//
f 121// 122// 161//
f 162// 6// 161//
f 147// 149// 163//
f 149// 8// 163//
f 8// 162// 163//
f 6// 162// 164//
f 162// 8// 164//
f 165// 2// 1//
f 166// 165// 167//
f 168// 169// 170//
f 14// 171// 13//
f 171// 14// 15//
f 13// 171// 172//
f 173// 169// 167//
f 173// 167// 165//
f 165// 1// 173//
f 13// 174// 1//
f 172// 170// 174//
f 173// 174// 169//
f 1// 174// 173//
f 13// 172// 174//
f 170// 169// 174//
f 175// 176// 177//
f 177// 176// 178//
f 176// 171// 178//
f 166// 167// 179//
f 179// 168// 180//
f 166// 179// 181//
f 179// 180// 181//
f 176// 182// 171//
f 171// 182// 172//
f 172// 182// 170//
f 168// 170// 182//
f 180// 168// 182//
f 176// 175// 183//
f 182// 183// 180//
f 176// 183// 182//
f 183// 181// 180//
f 10// 2// 184//
f 184// 12// 10//
f 184// 185// 186//
f 175// 187// 183//
f 187// 184// 181//
f 183// 187// 181//
f 184// 187// 185//
f 187// 188// 185//
f 175// 188// 187//
f 2// 165// 189//
f 181// 189// 166//
f 181// 184// 189//
f 189// 165// 166//
f 184// 2// 189//
f 190// 12// 184//
f 184// 186// 190//
f 171// 15// 191//
f 191// 192// 171//
f 178// 171// 192//
f 193// 194// 195//
f 195// 194// 196//
f 197// 198// 199//
f 200// 201// 202//
f 203// 204// 205//
f 204// 206// 207//
f 207// 206// 208//
f 209// 210// 211//
f 211// 210// 212//
f 210// 209// 213//
f 210// 213// 212//
f 212// 213// 214//
f 213// 215// 214//
f 214// 215// 216//
f 208// 217// 207//
f 218// 217// 208//
f 219// 197// 220//
f 221// 215// 213//
f 221// 222// 223//
f 223// 222// 224//
f 225// 226// 227//
f 227// 226// 228//
f 202// 229// 200//
f 229// 230// 231//
f 231// 232// 229//
f 200// 229// 232//
f 205// 232// 231//
f 233// 234// 217//
f 217// 235// 207//
f 207// 235// 204//
f 234// 235// 217//
f 204// 235// 236//
f 205// 204// 236//
f 237// 203// 205//
f 231// 237// 205//
f 231// 230// 237//
f 238// 239// 203//
f 240// 226// 225//
f 241// 240// 242//
f 242// 240// 243//
f 228// 244// 227//
f 245// 244// 246//
f 247// 202// 201//
f 233// 217// 248//
f 248// 249// 233//
f 250// 249// 248//
f 251// 249// 250//
f 252// 249// 251//
f 253// 254// 222//
f 222// 254// 224//
f 204// 203// 255//
f 243// 206// 255//
f 204// 255// 206//
f 256// 249// 252//
f 257// 249// 256//
f 205// 236// 258//
f 200// 258// 201//
f 205// 258// 232//
f 232// 258// 200//
f 214// 259// 212//
f 253// 260// 230//
f 260// 237// 230//
f 212// 261// 211//
f 239// 262// 259//
f 212// 259// 262//
f 212// 262// 261//
f 261// 262// 263//
f 239// 238// 263//
f 263// 262// 239//
f 259// 264// 239//
f 239// 264// 203//
f 203// 264// 255//
f 265// 259// 214//
f 265// 264// 259//
f 264// 265// 198//
f 265// 214// 216//
f 266// 201// 258//
f 267// 201// 266//
f 268// 206// 243//
f 240// 268// 243//
f 219// 269// 197//
f 197// 269// 198//
f 264// 198// 269//
f 255// 270// 243//
f 264// 269// 270//
f 255// 264// 270//
f 243// 270// 242//
f 225// 227// 271//
f 227// 251// 272//
f 271// 227// 272//
f 245// 273// 254//
f 273// 220// 197//
f 220// 273// 245//
f 220// 245// 274//
f 274// 245// 246//
f 240// 225// 275//
f 275// 268// 240//
f 252// 251// 276//
f 276// 251// 227//
f 227// 244// 276//
f 276// 230// 252//
f 277// 252// 230//
f 277// 230// 229//
f 247// 277// 202//
f 202// 277// 229//
f 233// 249// 278//
f 278// 249// 257//
f 254// 253// 279//
f 279// 230// 276//
f 253// 230// 279//
f 279// 244// 245//
f 276// 244// 279//
f 279// 245// 254//
f 198// 265// 280//
f 199// 198// 280//
f 265// 216// 280//
f 252// 281// 256//
f 277// 281// 252//
f 282// 283// 284//
f 285// 286// 287//
f 288// 289// 290//
f 290// 289// 291//
f 292// 293// 294//
f 294// 293// 295//
f 288// 295// 293//
f 296// 297// 298//
f 298// 297// 299//
f 299// 300// 301//
f 291// 289// 302//
f 302// 289// 301//
f 301// 300// 302//
f 302// 300// 303//
f 304// 305// 306//
f 288// 293// 307//
f 289// 288// 307//
f 289// 307// 308//
f 307// 293// 309//
f 310// 289// 308//
f 310// 301// 289//
f 301// 311// 299//
f 301// 310// 311//
f 299// 311// 298//
f 290// 312// 288//
f 288// 312// 295//
f 295// 312// 313//
f 314// 300// 299//
f 299// 297// 314//
f 295// 313// 315//
f 295// 315// 294//
f 294// 315// 316//
f 317// 312// 290//
f 298// 311// 318//
f 311// 310// 319//
f 320// 306// 305//
f 321// 287// 286//
f 322// 284// 283//
f 323// 324// 325//
f 326// 327// 328//
f 328// 327// 329//
f 330// 331// 328//
f 328// 331// 332//
f 333// 334// 325//
f 335// 325// 324//
f 324// 323// 335//
f 336// 325// 335//
f 337// 338// 339//
f 337// 339// 340//
f 339// 338// 341//
f 339// 341// 342//
f 342// 341// 343//
f 341// 344// 343//
f 345// 346// 347//
f 331// 345// 348//
f 348// 345// 347//
f 326// 349// 327//
f 327// 349// 350//
f 335// 323// 351//
f 352// 335// 351//
f 352// 336// 335//
f 333// 353// 334//
f 350// 354// 353//
f 334// 353// 354//
f 353// 355// 350//
f 350// 355// 327//
f 356// 328// 329//
f 336// 330// 356//
f 336// 356// 325//
f 330// 328// 356//
f 325// 356// 357//
f 358// 347// 349//
f 349// 347// 359//
f 359// 350// 349//
f 360// 361// 362//
f 363// 362// 361//
f 337// 364// 338//
f 341// 338// 364//
f 364// 344// 341//
f 364// 337// 365//
f 365// 366// 364//
f 365// 337// 367//
f 367// 337// 340//
f 331// 330// 368//
f 368// 345// 331//
f 336// 369// 330//
f 336// 352// 369//
f 369// 368// 330//
f 366// 370// 369//
f 368// 369// 370//
f 371// 366// 369//
f 372// 366// 365//
f 366// 372// 370//
f 367// 372// 365//
f 370// 373// 362//
f 372// 373// 370//
f 343// 344// 374//
f 375// 362// 363//
f 370// 375// 368//
f 370// 362// 375//
f 368// 375// 345//
f 361// 360// 376//
f 376// 360// 374//
f 376// 374// 344//
f 345// 375// 377//
f 378// 369// 352//
f 350// 359// 379//
f 354// 350// 379//
f 379// 364// 366//
f 344// 379// 376//
f 364// 379// 344//
f 371// 379// 366//
f 359// 376// 379//
f 379// 371// 380//
f 354// 379// 380//
f 346// 381// 347//
f 376// 359// 381//
f 347// 381// 359//
f 376// 381// 361//
f 361// 381// 382//
f 383// 384// 385//
f 385// 384// 386//
f 386// 384// 387//
f 388// 389// 390//
f 391// 389// 388//
f 392// 389// 391//
f 393// 384// 394//
f 384// 383// 394//
f 392// 395// 389//
f 383// 385// 396//
f 396// 385// 397//
f 388// 390// 398//
f 399// 400// 392//
f 392// 400// 395//
f 401// 386// 387//
f 402// 386// 401//
f 403// 384// 393//
f 387// 384// 403//
f 401// 387// 404//
f 404// 405// 401//
f 404// 387// 403//
f 403// 405// 404//
f 406// 405// 403//
f 405// 406// 401//
f 401// 406// 402//
f 393// 406// 403//
f 399// 407// 400//
f 390// 389// 408//
f 407// 409// 408//
f 400// 407// 410//
f 395// 400// 411//
f 400// 410// 411//
f 410// 407// 412//
f 411// 410// 412//
f 412// 395// 411//
f 408// 412// 407//
f 408// 389// 412//
f 412// 389// 395//
f 413// 398// 390//
f 413// 408// 409//
f 390// 408// 413//
f 398// 414// 388//
f 388// 414// 391//
f 415// 414// 398//
f 391// 414// 416//
f 415// 417// 414//
f 417// 415// 418//
f 418// 419// 417//
f 396// 420// 383//
f 420// 394// 383//
f 394// 420// 421//
f 393// 394// 421//
f 421// 420// 422//
f 423// 420// 396//
f 424// 423// 396//
f 423// 424// 425//
f 426// 425// 424//
f 417// 427// 414//
f 414// 427// 416//
f 417// 419// 427//
f 424// 428// 426//
f 397// 428// 396//
f 396// 428// 424//
f 427// 419// 429//
f 426// 428// 430//
f 426// 430// 431//
f 431// 430// 432//
f 433// 393// 421//
f 406// 393// 433//
f 421// 422// 434//
f 421// 434// 433//
f 434// 435// 433//
f 434// 436// 431//
f 436// 434// 422//
f 431// 437// 426//
f 431// 436// 437//
f 438// 422// 420//
f 422// 438// 436//
f 423// 425// 438//
f 438// 420// 423//
f 436// 439// 437//
f 438// 425// 439//
f 438// 439// 436//
f 437// 440// 426//
f 425// 426// 440//
f 439// 425// 440//
f 437// 439// 440//
f 413// 409// 441//
f 442// 398// 413//
f 413// 441// 442//
f 443// 398// 442//
f 418// 415// 443//
f 398// 443// 415//
f 441// 444// 442//
f 443// 442// 444//
f 444// 441// 445//
f 445// 429// 419//
f 441// 409// 446//
f 444// 445// 447//
f 443// 444// 447//
f 418// 443// 447//
f 419// 418// 447//
f 447// 445// 419//
f 448// 429// 445//
f 449// 450// 451//
f 452// 453// 454//
f 452// 454// 455//
f 449// 451// 456//
f 452// 455// 457//
f 452// 457// 458//
f 459// 456// 451//
f 451// 460// 459//
f 461// 462// 463//
f 464// 462// 461//
f 465// 466// 467//
f 467// 466// 468//
f 462// 464// 469//
f 470// 462// 469//
f 461// 463// 471//
f 471// 463// 472//
f 473// 471// 472//
f 463// 462// 474//
f 470// 474// 462//
f 463// 474// 472//
f 474// 470// 475//
f 475// 472// 474//
f 467// 476// 465//
f 465// 476// 477//
f 472// 478// 473//
f 472// 475// 478//
f 479// 480// 481//
f 478// 475// 482//
f 482// 480// 479//
f 483// 480// 482//
f 482// 475// 483//
f 484// 477// 476//
f 485// 477// 484//
f 470// 486// 475//
f 475// 486// 483//
f 487// 483// 486//
f 487// 486// 488//
f 489// 487// 488//
f 484// 490// 485//
f 491// 490// 492//
f 493// 487// 489//
f 493// 494// 487//
f 494// 493// 495//
f 495// 496// 494//
f 480// 483// 496//
f 481// 480// 496//
f 497// 492// 490//
f 498// 497// 490//
f 498// 490// 484//
f 497// 498// 499//
f 500// 487// 494//
f 496// 500// 494//
f 500// 496// 483//
f 500// 483// 487//
f 501// 492// 497//
f 502// 503// 504//
f 504// 503// 505//
f 506// 507// 508//
f 507// 506// 509//
f 509// 506// 510//
f 511// 509// 510//
f 511// 512// 509//
f 512// 511// 513//
f 511// 510// 514//
f 510// 506// 514//
f 506// 515// 514//
f 516// 506// 508//
f 515// 506// 516//
f 503// 502// 517//
f 517// 502// 518//
f 519// 514// 515//
f 511// 519// 513//
f 514// 519// 511//
f 520// 521// 522//
f 523// 524// 525//
f 526// 515// 516//
f 521// 526// 522//
f 527// 528// 529//
f 524// 523// 530//
f 530// 523// 531//
f 532// 515// 526//
f 521// 532// 526//
f 518// 533// 517//
f 534// 533// 518//
f 529// 533// 534//
f 515// 535// 519//
f 532// 535// 515//
f 535// 532// 530//
f 535// 530// 536//
f 531// 536// 530//
f 537// 521// 520//
f 524// 537// 525//
f 532// 521// 537//
f 528// 538// 529//
f 533// 529// 538//
f 533// 538// 539//
f 540// 539// 538//
f 537// 541// 532//
f 530// 541// 524//
f 541// 537// 524//
f 530// 532// 541//
f 542// 538// 528//
f 543// 544// 545//
f 546// 545// 544//
f 547// 546// 544//
f 548// 545// 546//
f 548// 546// 549//
f 549// 546// 550//
f 550// 546// 547//
f 548// 551// 545//
f 551// 548// 549//
f 552// 553// 554//
f 554// 553// 555//
f 556// 557// 558//
f 554// 555// 559//
f 559// 555// 560//
f 561// 562// 563//
f 564// 565// 566//
f 566// 567// 552//
f 552// 567// 553//
f 566// 565// 567//
f 563// 562// 568//
f 569// 568// 570//
f 557// 571// 558//
f 558// 571// 572//
f 571// 573// 572//
f 572// 573// 574//
f 564// 575// 565//
f 565// 575// 576//
f 569// 570// 577//
f 569// 577// 578//
f 559// 560// 579//
f 579// 560// 580//
f 568// 562// 581//
f 578// 577// 581//
f 580// 582// 579//
f 579// 582// 583//
f 570// 584// 577//
f 581// 577// 584//
f 568// 581// 584//
f 570// 568// 584//
f 585// 586// 587//
f 587// 586// 588//
f 589// 590// 591//
f 591// 590// 592//
f 593// 594// 595//
f 595// 594// 596//
f 597// 598// 599//
f 599// 598// 600//
f 601// 602// 603//
f 603// 602// 604//
f 605// 603// 604//
f 604// 602// 606//
f 606// 607// 604//
f 608// 605// 604//
f 604// 607// 608//
f 609// 607// 606//
f 606// 602// 609//
f 610// 611// 612//
f 612// 611// 613//
f 612// 613// 614//
f 614// 613// 615//
f 616// 614// 615//
f 617// 618// 619//
f 619// 618// 620//
f 621// 620// 618//
f 622// 620// 621//
f 623// 624// 625//
f 621// 626// 622//
f 622// 626// 627//
f 628// 627// 626//
f 629// 627// 628//
f 629// 628// 630//
f 630// 628// 631//
f 632// 633// 634//
f 635// 624// 623//
f 635// 633// 632//
f 636// 617// 619//
f 637// 617// 636//
f 638// 624// 635//
f 636// 639// 637//
f 640// 639// 636//
f 634// 641// 632//
f 632// 641// 635//
f 641// 638// 635//
f 633// 642// 634//
f 638// 641// 642//
f 642// 641// 634//
f 643// 644// 645//
f 645// 644// 646//
f 647// 648// 649//
f 649// 648// 650//
f 651// 652// 653//
f 653// 652// 654//
f 655// 656// 657//
f 657// 656// 658//
f 659// 660// 661//
f 662// 663// 664//
f 665// 666// 667//
f 668// 666// 669//
f 669// 666// 665//
f 670// 668// 669//
f 671// 668// 670//
f 672// 664// 663//
f 660// 673// 661//
f 674// 671// 670//
f 675// 676// 677//
f 677// 676// 678//
f 679// 680// 681//
f 682// 683// 679//
f 680// 679// 684//
f 679// 683// 684//
f 682// 679// 685//
f 685// 679// 681//
f 682// 686// 683//
f 686// 682// 685//
f 687// 686// 688//
f 688// 686// 685//
f 677// 678// 689//
f 689// 678// 690//
f 690// 691// 689//
f 689// 691// 692//
f 693// 694// 686//
f 686// 694// 683//
f 695// 696// 697//
f 697// 696// 698//
f 698// 696// 699//
f 700// 701// 702//
f 703// 702// 704//
f 704// 702// 701//
f 705// 706// 707//
f 707// 706// 708//
f 709// 710// 711//
f 711// 710// 712//
f 713// 714// 715//
f 715// 714// 716//
f 717// 718// 719//
f 719// 718// 720//
f 721// 722// 723//
f 724// 725// 726//
f 727// 728// 729//
f 730// 724// 731//
f 722// 730// 731//
f 728// 727// 732//
f 733// 734// 735//
f 736// 737// 738//
f 739// 740// 741//
f 735// 737// 742//
f 742// 737// 736//
f 741// 743// 739//
f 744// 745// 746//
f 746// 745// 747//
f 747// 748// 746//
f 746// 748// 749//
f 748// 750// 749//
f 749// 750// 751//
f 750// 752// 751//
f 751// 752// 753//
f 754// 755// 756//
f 756// 755// 757//
f 755// 758// 757//
f 759// 758// 755//
f 758// 759// 760//
f 760// 759// 761//
f 760// 761// 762//
f 762// 761// 763//
f 764// 765// 766//
f 767// 768// 769//
f 770// 771// 772//
f 773// 774// 775//
f 764// 776// 765//
f 765// 776// 777//
f 776// 778// 777//
f 779// 780// 781//
f 781// 780// 782//
f 783// 784// 785//
f 777// 778// 786//
f 786// 787// 777//
f 788// 787// 786//
f 789// 790// 791//
f 791// 790// 792//
f 793// 794// 795//
f 796// 779// 797//
f 766// 765// 798//
f 798// 777// 787//
f 765// 777// 798//
f 799// 788// 786//
f 773// 775// 800//
f 800// 772// 801//
f 771// 801// 772//
f 800// 801// 773//
f 771// 773// 801//
f 802// 782// 780//
f 803// 804// 778//
f 805// 804// 803//
f 805// 806// 804//
f 786// 778// 807//
f 807// 799// 786//
f 784// 808// 809//
f 810// 809// 808//
f 780// 779// 811//
f 811// 779// 796//
f 791// 812// 813//
f 814// 782// 802//
f 814// 802// 815//
f 781// 782// 816//
f 781// 816// 817//
f 818// 767// 769//
f 793// 819// 794//
f 800// 775// 820//
f 820// 772// 800//
f 770// 772// 820//
f 820// 775// 821//
f 822// 823// 824//
f 825// 820// 821//
f 770// 820// 825//
f 826// 827// 828//
f 829// 828// 827//
f 830// 768// 767//
f 831// 779// 781//
f 831// 781// 817//
f 825// 832// 770//
f 832// 771// 770//
f 825// 833// 832//
f 834// 835// 836//
f 836// 835// 837//
f 837// 835// 771//
f 837// 833// 836//
f 833// 837// 832//
f 832// 837// 771//
f 831// 838// 779//
f 831// 817// 838//
f 767// 839// 830//
f 840// 767// 818//
f 839// 767// 840//
f 819// 793// 840//
f 775// 841// 821//
f 775// 774// 841//
f 784// 842// 785//
f 822// 843// 823//
f 821// 843// 825//
f 843// 821// 844//
f 841// 844// 821//
f 823// 843// 844//
f 816// 782// 845//
f 845// 782// 814//
f 846// 833// 825//
f 843// 846// 825//
f 847// 830// 839//
f 784// 809// 848//
f 774// 849// 841//
f 826// 850// 810//
f 810// 850// 809//
f 826// 828// 850//
f 851// 848// 809//
f 850// 828// 851//
f 850// 851// 809//
f 783// 852// 784//
f 829// 853// 828//
f 854// 853// 829//
f 853// 854// 855//
f 855// 856// 853//
f 856// 855// 857//
f 855// 784// 857//
f 828// 858// 851//
f 853// 858// 828//
f 856// 858// 853//
f 858// 848// 851//
f 858// 856// 859//
f 784// 848// 859//
f 784// 859// 857//
f 859// 848// 858//
f 859// 856// 857//
f 791// 792// 860//
f 860// 812// 791//
f 835// 861// 771//
f 862// 863// 864//
f 864// 863// 865//
f 866// 864// 865//
f 866// 867// 864//
f 867// 866// 868//
f 864// 867// 869//
f 862// 864// 869//
f 867// 870// 869//
f 868// 870// 867//
f 871// 872// 873//
f 870// 871// 874//
f 871// 873// 874//
f 875// 876// 877//
f 878// 879// 880//
f 881// 882// 883//
f 884// 885// 886//
f 876// 886// 887//
f 888// 889// 890//
f 891// 892// 893//
f 894// 895// 896//
f 877// 876// 897//
f 879// 877// 898//
f 880// 879// 899//
f 889// 880// 900//
f 876// 887// 901//
f 890// 889// 902//
f 903// 890// 904//
f 887// 886// 905//
f 886// 885// 905//
f 904// 906// 903//
f 907// 903// 906//
f 907// 906// 908//
f 892// 909// 910//
f 882// 893// 911//
f 883// 882// 912//
f 913// 914// 896//
f 896// 895// 915//
f 916// 909// 892//
f 892// 917// 893//
f 916// 918// 909//
f 914// 919// 920//
f 883// 921// 895//
f 922// 923// 924//
f 925// 922// 924//
f 926// 923// 927//
f 928// 929// 930//
f 927// 931// 932//
f 932// 931// 933//
f 934// 933// 935//
f 936// 929// 928//
f 937// 938// 936//
f 939// 938// 937//
f 940// 941// 942//
f 942// 941// 943//
f 944// 945// 946//
f 946// 945// 947//
f 948// 944// 949//
f 949// 944// 950//
f 950// 951// 949//
f 952// 951// 950//
f 950// 953// 952//
f 946// 953// 944//
f 944// 953// 950//
f 952// 953// 954//
f 943// 941// 955//
f 955// 941// 956//
f 955// 956// 957//
f 957// 956// 958//
f 940// 959// 941//
f 959// 956// 941//
f 960// 959// 940//
f 951// 961// 949//
f 961// 948// 949//
f 959// 948// 961//
f 961// 956// 959//
f 962// 961// 951//
f 956// 962// 958//
f 961// 962// 956//
f 948// 963// 944//
f 948// 959// 963//
f 963// 959// 960//
f 944// 963// 945//
f 964// 965// 966//
f 964// 966// 967//
f 964// 967// 968//
f 969// 970// 971//
f 972// 973// 974//
f 974// 973// 975//
f 976// 977// 978//
f 975// 979// 974//
f 980// 979// 975//
f 968// 981// 964//
f 964// 982// 965//
f 964// 981// 982//
f 983// 984// 985//
f 985// 986// 978//
f 976// 978// 986//
f 984// 986// 985//
f 987// 984// 983//
f 988// 989// 990//
f 990// 987// 988//
f 984// 987// 990//
f 990// 989// 991//
f 991// 969// 971//
f 991// 992// 969//
f 991// 993// 992//
f 993// 991// 989//
f 994// 995// 996//
f 996// 995// 997//
f 998// 996// 999//
f 999// 996// 997//
f 985// 1000// 983//
f 1000// 992// 1001//
f 1001// 992// 993//
f 983// 1000// 1001//
f 1002// 1003// 1004//
f 1005// 1006// 1007//
f 1007// 1006// 1008//
f 1009// 1010// 1011//
f 1012// 1013// 1014//
f 1015// 1005// 1016//
f 1016// 1005// 1007//
f 1017// 1018// 1019//
f 1017// 1020// 1018//
f 1021// 1020// 1017//
f 1010// 1022// 1011//
f 1022// 1010// 1023//
f 1021// 1023// 1020//
f 1023// 1024// 1022//
f 1021// 1024// 1023//
f 1014// 1025// 1012//
f 1025// 1026// 1012//
f 1027// 1012// 1026//
f 1028// 1002// 1029//
f 1029// 1030// 1009//
f 1030// 1002// 1004//
f 1029// 1002// 1030//
f 1010// 1009// 1030//
f 1031// 1032// 1033//
f 1033// 1032// 1034//
f 1012// 1035// 1013//
f 1035// 1012// 1027//
f 1036// 1033// 1034//
f 1037// 1033// 1036//
f 1024// 1021// 1038//
f 1038// 1028// 1039//
f 1039// 1028// 1029//
f 1024// 1038// 1039//
f 1004// 1003// 1040//
f 971// 970// 1041//
f 1042// 1043// 1044//
f 1045// 1046// 1047//
f 1047// 1046// 1048//
f 1049// 1050// 1051//
f 1050// 1049// 1052//
f 1053// 1054// 1055//
f 1054// 1053// 1056//
f 1057// 1058// 1059//
f 1059// 1058// 1060//
f 1058// 1061// 1060//
f 1062// 1047// 1048//
f 1060// 1062// 1063//
f 1062// 1064// 1063//
f 1056// 1053// 1065//
f 1063// 1066// 1060//
f 1060// 1066// 1059//
f 1062// 1048// 1067//
f 1064// 1062// 1067//
f 1050// 1052// 1068//
f 1069// 1068// 1052//
f 1070// 1048// 1046//
f 1070// 1067// 1048//
f 1065// 1071// 1056//
f 1072// 1073// 1074//
f 1065// 1075// 1071//
f 1076// 1068// 1069//
f 1076// 1077// 1078//
f 1075// 1065// 1078//
f 1068// 1076// 1078//
f 1075// 1078// 1077//
f 1043// 1079// 1044//
f 1080// 1079// 1043//
f 1079// 1080// 1072//
f 1072// 1080// 1073//
f 1067// 1081// 1064//
f 1081// 1067// 1070//
f 1081// 1063// 1064//
f 1063// 1081// 1066//
f 1082// 1083// 1084//
f 1084// 1085// 1082//
f 1085// 1084// 1086//
f 1087// 1088// 1089//
f 1090// 1091// 1092//
f 1093// 1083// 1082//
f 1094// 1083// 1093//
f 1095// 1096// 1097//
f 1098// 1099// 1100//
f 1089// 1088// 1101//
f 1101// 1088// 1102//
f 1098// 1100// 1103//
f 1096// 1104// 1097//
f 1082// 1105// 1093//
f 1105// 1082// 1085//
f 1097// 1106// 1095//
f 1106// 1107// 1095//
f 1106// 1108// 1107//
f 1084// 1109// 1086//
f 1109// 1087// 1089//
f 1110// 1109// 1089//
f 1110// 1089// 1101//
f 1100// 1099// 1111//
f 1112// 1111// 1099//
f 1113// 1114// 1115//
f 1116// 1092// 1091//
f 1116// 1115// 1117//
f 1117// 1092// 1116//
f 1117// 1115// 1114//
f 1109// 1118// 1086//
f 1085// 1118// 1105//
f 1118// 1109// 1110//
f 1118// 1085// 1086//
f 1119// 1111// 1112//
f 1111// 1119// 1120//
f 1108// 1106// 1120//
f 1108// 1120// 1121//
f 1119// 1121// 1120//
f 1122// 1123// 1124//
f 1124// 1123// 1125//
f 1126// 1127// 1128//
f 1128// 1127// 1129//
f 1130// 1131// 1132//
f 1133// 1132// 1131//
f 1134// 1131// 1135//
f 1131// 1130// 1136//
f 1136// 1135// 1131//
f 1134// 1137// 1131//
f 1138// 1131// 1137//
f 1131// 1139// 1133//
f 1140// 1141// 1142//
f 1142// 1141// 1143//
f 1144// 1145// 1146//
f 1147// 1148// 1149//
f 1150// 1151// 1152//
f 1127// 1153// 1129//
f 1154// 1153// 1127//
f 1155// 1156// 1154//
f 1154// 1156// 1153//
f 1150// 1157// 1151//
f 1148// 1147// 1157//
f 1151// 1157// 1158//
f 1157// 1147// 1158//
f 1155// 1159// 1156//
f 1156// 1159// 1160//
f 1160// 1141// 1140//
f 1159// 1141// 1160//
f 1161// 1162// 1163//
f 1162// 1164// 1165//
f 1164// 1166// 1165//
f 1167// 1166// 1164//
f 1161// 1168// 1162//
f 1162// 1168// 1158//
f 1158// 1168// 1151//
f 1139// 1131// 1169//
f 1131// 1138// 1169//
f 1170// 1142// 1143//
f 1126// 1128// 1171//
f 1145// 1144// 1172//
f 1173// 1145// 1172//
f 1174// 1175// 1176//
f 1177// 1161// 1163//
f 1178// 1161// 1177//
f 1151// 1179// 1152//
f 1180// 1179// 1151//
f 1164// 1162// 1181//
f 1181// 1162// 1158//
f 1181// 1158// 1147//
f 1182// 1173// 1172//
f 1125// 1183// 1124//
f 1124// 1183// 1182//
f 1182// 1183// 1173//
f 1124// 1184// 1122//
f 1149// 1185// 1147//
f 1147// 1185// 1186//
f 1187// 1182// 1172//
f 1187// 1124// 1182//
f 1188// 1124// 1187//
f 1188// 1184// 1124//
f 1188// 1187// 1189//
f 1147// 1190// 1181//
f 1186// 1190// 1147//
f 1125// 1191// 1183//
f 1125// 1192// 1191//
f 1191// 1192// 1193//
f 1180// 1194// 1179//
f 1191// 1193// 1194//
f 1191// 1194// 1180//
f 1174// 1173// 1195//
f 1175// 1174// 1195//
f 1183// 1196// 1173//
f 1195// 1173// 1196//
f 1183// 1191// 1196//
f 1151// 1197// 1180//
f 1168// 1197// 1151//
f 1198// 1180// 1197//
f 1198// 1191// 1180//
f 1195// 1196// 1198//
f 1198// 1196// 1191//
f 1188// 1199// 1184//
f 1170// 1143// 1200//
f 1126// 1171// 1201//
f 1202// 1203// 1204//
f 1205// 1206// 1207//
f 1204// 1208// 1202//
f 1209// 1210// 1211//
f 1210// 1209// 1212//
f 1209// 1213// 1212//
f 1204// 1214// 1208//
f 1214// 1204// 1211//
f 1204// 1203// 1215//
f 1204// 1215// 1216//
f 1205// 1217// 1206//
f 1216// 1218// 1204//
f 1218// 1219// 1205//
f 1219// 1217// 1205//
f 1220// 1221// 1222//
f 1222// 1221// 1223//
f 1224// 1220// 1225//
f 1225// 1220// 1222//
f 1226// 1224// 1225//
f 1227// 1224// 1226//
f 1221// 1228// 1223//
f 1229// 1228// 1221//
f 1230// 1231// 1232//
f 1228// 1229// 1233//
f 1233// 1229// 1232//
f 1232// 1231// 1233//
f 1230// 1234// 1231//
f 1235// 1227// 1226//
f 1235// 1226// 1236//
f 1231// 1234// 1237//
f 1238// 1239// 1240//
f 1240// 1239// 1241//
f 1242// 1243// 1244//
f 1244// 1243// 1245//
f 1246// 1247// 1248//
f 1249// 1250// 1251//
f 1250// 1249// 1252//
f 1247// 1246// 1253//
f 1254// 1255// 1256//
f 1257// 1258// 1259//
f 1255// 1254// 1260//
f 1253// 1246// 1261//
f 1246// 1255// 1261//
f 1255// 1260// 1262//
f 1261// 1255// 1262//
f 1258// 1257// 1263//
f 1264// 1263// 1257//
f 1251// 1265// 1249//
f 1265// 1251// 1266//
f 1265// 1266// 1267//
f 1268// 1263// 1264//
f 1268// 1264// 1267//
f 1267// 1266// 1269//
f 1261// 1262// 1269//
f 1267// 1269// 1270//
f 1269// 1262// 1270//
f 1268// 1267// 1270//
f 1271// 1272// 1273//
f 1274// 1275// 1276//
f 1277// 1278// 1273//
f 1277// 1273// 1279//
f 1279// 1273// 1272//
f 1277// 1279// 1280//
f 1281// 1278// 1277//
f 1280// 1281// 1277//
f 1274// 1282// 1283//
f 1280// 1279// 1284//
f 1284// 1282// 1280//
f 1283// 1282// 1284//
f 1274// 1276// 1285//
f 1285// 1282// 1274//
f 1282// 1285// 1286//
f 1286// 1285// 1287//
f 1285// 1276// 1287//
f 1273// 1278// 1288//
f 1289// 1282// 1286//
f 1289// 1280// 1282//
f 1289// 1281// 1280//
f 1290// 1291// 1292//
f 1293// 1294// 1295//
f 1296// 1291// 1295//
f 1295// 1294// 1296//
f 1296// 1292// 1291//
f 1297// 1298// 1299//
f 1300// 1291// 1290//
f 1300// 1290// 1301//
f 1295// 1291// 1302//
f 1300// 1302// 1291//
f 1303// 1302// 1300//
f 1294// 1304// 1296//
f 1296// 1304// 1292//
f 1305// 1304// 1294//
f 1297// 1306// 1298//
f 1294// 1293// 1306//
f 1306// 1305// 1294//
f 1297// 1305// 1306//
f 1300// 1301// 1307//
f 1300// 1307// 1303//
f 1303// 1307// 1308//
f 1309// 1298// 1306//
f 1306// 1293// 1309//
f 1310// 1298// 1309//
f 1311// 1312// 1313//
f 1313// 1312// 1314//
f 1314// 1315// 1313//
f 1313// 1315// 1316//
f 1311// 1317// 1312//
f 1318// 1317// 1311//
f 1319// 1320// 1321//
f 1321// 1320// 1322//
f 1320// 1323// 1322//
f 1318// 1323// 1317//
f 1322// 1323// 1324//
f 1324// 1323// 1318//
f 1325// 1326// 1327//
f 1327// 1326// 1328//
f 1327// 1329// 1325//
f 1325// 1329// 1330//
f 1328// 1326// 1331//
f 1331// 1326// 1332//
f 1333// 1334// 1335//
f 1335// 1334// 1336//
f 1334// 1333// 1337//
f 1329// 1337// 1330//
f 1337// 1333// 1338//
f 1330// 1337// 1338//
f 1339// 1340// 1341//
f 1342// 1343// 1344//
f 1342// 1344// 1345//
f 1342// 1345// 1346//
f 1341// 1346// 1339//
f 1347// 1343// 1342//
f 1273// 1288// 1348//
f 1271// 1273// 1348//
f 1287// 1276// 1349//
f 1350// 1351// 1352//
f 1353// 1354// 1355//
f 1355// 1354// 1356//
f 1354// 1353// 1357//
f 1356// 1354// 1358//
f 1354// 1357// 1359//
f 1358// 1354// 1359//
f 1360// 1350// 1352//
f 1361// 1350// 1360//
f 1362// 1355// 1356//
f 1358// 1362// 1356//
f 1363// 1361// 1360//
f 1364// 1361// 1363//
f 1362// 1358// 1365//
f 1355// 1362// 1366//
f 1367// 1368// 1369//
f 1370// 1367// 1371//
f 1372// 1367// 1373//
f 1370// 1372// 1373//
f 1367// 1370// 1373//
f 1374// 1370// 1371//
f 1375// 1370// 1374//
f 1367// 1372// 1376//
f 1377// 1378// 1379//
f 1380// 1381// 1382//
f 1383// 1384// 1385//
f 1383// 1385// 1386//
f 1387// 1385// 1388//
f 1387// 1388// 1389//
f 1390// 1391// 1392//
f 1392// 1391// 1393//
f 1394// 1395// 1396//
f 1396// 1395// 1397//
f 1398// 1399// 1400//
f 1400// 1399// 1401//
f 1401// 1402// 1400//
f 1400// 1402// 1403//
f 1// 2// 3//
f 3// 2// 4//
f 2// 5// 4//
f 4// 5// 6//
f 5// 7// 6//
f 6// 7// 8//
f 7// 9// 8//
f 8// 9// 10//
f 9// 11// 10//
f 10// 11// 12//
f 12// 1// 3//
f 11// 1// 12//
f 13// 14// 15//
f 14// 16// 15//
f 16// 17// 15//
f 17// 18// 15//
f 19// 13// 15//
f 18// 19// 15//
f 20// 21// 22//
f 22// 21// 23//
f 1// 2// 3//
f 3// 2// 4//
f 5// 6// 7//
f 7// 6// 8//
f 8// 9// 7//
f 10// 9// 8//
f 11// 12// 13//
f 13// 12// 14//
f 15// 13// 16//
f 16// 13// 14//
f 17// 18// 19//
f 19// 18// 20//
f 18// 21// 20//
f 22// 21// 18//
f 23// 24// 25//
f 25// 24// 26//
f 27// 23// 25//
f 28// 23// 27//
f 29// 30// 31//
f 31// 30// 32//
f 33// 34// 35//
f 35// 34// 36//
f 37// 38// 39//
f 39// 38// 40//
f 41// 42// 43//
f 43// 42// 44//
f 45// 46// 47//
f 47// 46// 48//
f 31// 49// 29//
f 49// 31// 50//
f 51// 38// 37//
f 52// 38// 51//
f 53// 54// 55//
f 55// 54// 56//
f 31// 57// 50//
f 58// 57// 31//
f 47// 59// 45//
f 60// 59// 47//
f 36// 34// 61//
f 61// 34// 62//
f 63// 64// 65//
f 65// 64// 66//
f 67// 68// 69//
f 69// 68// 70//
f 68// 71// 70//
f 70// 71// 72//
f 72// 71// 73//
f 73// 71// 74//
f 75// 63// 65//
f 69// 75// 67//
f 76// 63// 75//
f 76// 75// 69//
f 77// 78// 79//
f 79// 78// 80//
f 80// 81// 79//
f 82// 81// 80//
f 77// 83// 78//
f 84// 85// 83//
f 78// 83// 86//
f 83// 85// 86//
f 82// 87// 81//
f 88// 87// 82//
f 89// 87// 88//
f 90// 87// 89//
f 91// 92// 93//
f 93// 92// 94//
f 95// 96// 97//
f 97// 96// 98//
f 95// 99// 96//
f 96// 99// 100//
f 100// 99// 101//
f 101// 99// 102//
f 103// 104// 105//
f 105// 104// 106//
f 107// 97// 108//
f 108// 97// 98//
f 109// 110// 111//
f 111// 110// 112//
f 94// 92// 113//
f 113// 92// 114//
f 115// 110// 109//
f 116// 110// 115//
f 103// 105// 117//
f 117// 105// 118//
f 117// 118// 119//
f 119// 118// 120//
f 121// 122// 123//
f 122// 106// 124//
f 124// 106// 104//
f 123// 122// 124//
f 125// 107// 108//
f 126// 107// 125//
f 127// 128// 129//
f 127// 129// 130//
f 131// 130// 129//
f 131// 132// 130//
f 1// 2// 3//
f 3// 2// 4//
